363.967239779582 119.02455839409873 208.25721772515692 541.7167473893093 613.8840221573494 329.05606918248736 81.39950678904881 507.4006704661524 420.4858776843505 495.4854359130907 
188.70811024471888 211.38983475311767 183.2667938816183 101.46076346857139 399.58817579409356 234.2261800592971 121.17387455784042 512.2963237101856 524.4688730114881 333.9603715881436 
370.5922897624719 283.64724262049856 612.6112930464245 246.62995222605556 72.62457423718143 128.31457861112557 137.25762080652885 312.16473090844687 83.25808488995654 312.77453378821644 
176.71538679207418 371.8131991474401 290.01454628042575 404.5255332628826 249.97055434472597 333.18377004049734 68.67503419484196 41.34685618475744 215.4231287826493 548.9943233900884 
363.67462581262447 143.56277263295533 391.339021832795 305.6241775891427 25.76013359813039 540.4056778176438 406.61216628656007 67.5619853134288 190.50471779576154 331.57214643405393 
440.4301806658475 73.84334734017757 31.2732729893515 255.0656355506074 259.437797872792 32.57198575091698 370.2322629045344 482.4195040631279 610.991514072369 609.618105434945 
580.9976172830918 612.3941888555244 281.0992649794523 357.5877806810606 166.5146734620177 384.24224593205105 275.63903730472157 481.15711647338395 345.7637541345556 381.63500278421316 
333.4498872548592 584.8648469353018 532.8852253451479 348.34457943125676 129.88934983736036 499.4571786518954 342.3176485472943 86.77505568975062 279.45090309037255 32.87873353986835 
503.54296465357487 260.43650187806264 196.0352519408213 42.003072659900624 419.0323015550915 571.455583456013 219.46910028158652 571.1969015096056 448.9862223401795 134.2166132676996 
566.8653324331774 353.8113353740052 356.46318003322807 216.22665906976644 617.4181697626589 322.69430291995707 496.4898753840554 67.29857554276056 389.22717445144576 125.81764989573202 
482.7473416432068 108.1456265823775 216.74379582482018 193.11270372744258 415.426421561182 499.48144636883626 187.4342820609555 450.6081246240731 303.84642925452215 62.71920617685847 
446.2525319928973 127.9637548089817 67.43078287616834 73.36359684369421 26.51687522417412 255.4941707902171 248.63328003361693 198.18941786174662 415.78436868253345 396.77580674971455 
121.4088331847203 397.3005931196117 415.3163698447085 512.9312332643083 228.82235930640203 562.1632120331052 201.72917592238915 404.6845264938485 333.38967235857285 610.7065814929817 
249.42356523822295 128.28126287552993 113.74395213911065 310.58579349360383 122.38673056868011 131.36718621842832 491.2217408702028 51.699664229162835 493.96065972967926 604.9188810716767 
619.9620724043535 339.05785797574595 503.1705649405144 297.32072724804175 124.1125378688584 327.090841439479 106.20700049958438 586.6813397362323 115.73609380272362 66.49645059660061 
431.6556681684688 357.4836481842934 277.0122064984609 484.7168274644062 98.06850956471601 377.6622269891178 240.32625036144452 71.13954012135527 602.4697496837603 22.201525025066253 
449.84082105448573 588.1164958937862 438.39095129621563 539.3489502635492 238.14273371881526 78.89450126066637 352.0284001241387 405.5363465578546 601.5594340943555 193.5512080339233 
295.11695653843066 265.103867018904 107.73864200430484 404.03018760707727 583.1139127280398 300.9196158533355 119.0848611495994 429.36882365588855 117.28664686631237 31.989308958753185 
265.6466506741972 542.2128589610546 279.29791273849185 484.1491597446514 51.04824327291777 377.7113895546833 456.8822479016778 429.93623600350895 425.05942765452573 615.8857887030576 
109.2077098801592 143.72966864414366 506.3973203649235 58.56674284772406 230.51620442036307 468.25670330196823 389.3538240837383 571.9926808517439 220.63643202405018 138.5571142190354 
117.84250021718091 116.16374738070301 120.96322193336411 459.50005634513434 60.45872889638138 432.04478504960014 324.4968193404842 182.94672753132778 270.1466383349224 307.7112839402297 
618.5360156948935 180.652894415452 162.06683311696506 94.53181229401318 568.6188801059936 459.004881858735 593.258568772579 94.48101662499518 402.30475372630906 411.68277107901713 
377.68998646927406 189.67653965507012 501.39126064266577 156.34466114958786 420.2904262152583 435.23394878650424 161.16028773323015 351.4256272504124 603.5583564074985 86.53320679810047 
25.246307038181676 439.145172226234 510.33870119164374 481.99061207718296 154.7211763861891 210.81698812260822 216.36342086162287 552.429708781309 239.98893040526178 140.5546230886782 
536.1489792444804 278.14518811920186 214.08438026541285 283.46696419506367 455.8445488279124 564.7533929035199 275.9692712101695 84.4371807295051 436.6245473429324 158.92315599231338 
82.41976705053366 393.5789088785312 22.21947725853491 575.0807769967639 617.0989704452942 134.4634788199856 534.178639549044 154.18287234240472 395.40830625582294 21.211853375971895 
388.45849202533844 525.6508807096757 613.7113560998487 70.54503007721985 116.93052310398178 293.5608382416069 401.5241278545346 604.8867590727154 127.40228166534543 118.1823977694627 
85.26525435603914 392.6122259175855 185.7452684718643 313.96067515170074 522.1601542197146 121.53643991436951 153.72365613294346 435.03461534513406 512.8925909135976 351.73620502843715 
466.11729721849514 269.38591280883236 451.59766747969337 43.79926653118736 380.73299197797337 612.7119329904918 121.78979585371917 108.5944433365616 584.8976853732579 543.1165130336173 
296.8194948935277 374.65659399436527 92.02733689448935 67.71240584997871 553.4528376988209 119.2800072588589 311.8651999224312 362.22911605558534 257.16701341206897 459.4140249629781 
527.9833658651705 574.7197801559278 227.75615935937097 448.4547250451076 366.141108667058 514.4610406444086 343.8408706066442 475.0262981151811 387.09405032058476 97.13941887821821 
494.8752700986281 309.8459498773824 487.44768744944895 367.4180961624372 439.24546219848673 296.7660209107465 142.14908948713563 269.9778984792681 277.0530069263373 534.0871427138916 
472.21056332911706 290.1260321949604 396.1771885406561 242.23610810413652 471.2590368684706 235.06648688073565 500.2098006975076 263.9022257034013 274.5047461866489 176.925853745956 
476.85640511583136 392.7259930633383 503.72326044114436 528.6281941878926 615.3974149448187 176.6336480557191 71.84437110725418 373.7128097743521 31.803178808683512 591.9115806020209 
380.74161586513645 521.1886956850118 110.09656424635489 534.114168838584 595.8163348282756 506.51918471090016 118.5567739569076 221.89892791397105 30.969828238871937 509.83097063957246 
509.3583361327469 359.88252210385326 427.5575088559262 112.44075437486352 160.2388458291709 456.61170278363903 460.9186941574547 362.79369714842295 366.78925113083005 443.7426380075551 
158.07584664598772 172.90711639689093 343.96047117008106 292.5224324838384 60.197010196798956 416.4133806741551 345.38010846531586 273.66680884411517 513.4151389793096 449.2956671603121 
459.07285934998004 456.7273779577125 21.59819653121844 124.41025650482854 88.17863977021834 595.0424826000221 144.66357399430237 120.88934596025818 275.261837996881 492.3652702134295 
576.0307632059714 159.5178812004237 378.8058232885395 497.26278684494656 582.8059990584107 225.17822237653095 560.4860639367149 121.37977929150301 342.29246260256696 467.45657842891484 
91.81598820031635 127.660966244593 58.42003200006603 400.5046720503639 238.7590354378095 384.6256845123018 291.68818621136205 573.250582729769 232.90075825286084 332.7883537156784 
486.2158026540447 431.0524582598081 187.77481188228575 59.31885776245505 27.491690648068918 39.88885885313021 368.93650835776367 127.03625520264359 314.41951694521447 294.17944660249356 
176.37752580098876 253.82993018005266 479.2509696298883 579.3298067810608 347.8758750668121 88.60150220694128 539.0007496333516 210.0941360700491 41.87453975045955 79.82175399734876 
111.93742837346315 515.8496065616807 408.48274425188447 582.795783827607 182.7434880707722 393.8759752217409 607.1935028418023 501.7306282485299 549.9388291222122 501.73441306257814 
579.9112032567917 512.6987270206763 139.160940383821 209.83924441026164 437.8830521115923 463.5912212873231 315.89594968851645 385.3161815964204 271.1280596600635 497.1547206070993 
81.25402314160038 28.240991327640735 138.95731519701434 593.2053018731517 384.38296842180335 131.35234346583604 150.1793066282864 576.113496440197 135.11375649970475 84.33239849285324 
91.58410255652734 383.654113422951 250.43172312402274 293.7491749653753 613.3000833548138 543.3144364402211 418.3672226021378 239.75411465258316 329.6169188761519 552.154708823376 
412.89949075499726 540.6289537178637 143.86868937738925 206.31466361054828 543.4673867547513 346.27526846319375 455.9707176654634 76.25976747612765 172.68082883979582 131.7408531713184 
461.20407609974654 473.86089468376156 585.826678552194 311.8762315091306 498.8413141066693 207.40137290367161 45.762839318316686 48.21552608259288 159.20727596306716 170.6049336982205 
216.79422119966284 169.17507254322854 607.7687020259307 161.7784335206163 91.12443151201717 474.6636049755192 534.8464608132577 279.1630970777569 501.4769280765224 446.19793987738615 
489.54396653289245 388.5879298550326 453.4792310502709 533.6177038311482 506.48581274833134 309.519234938373 261.4042564354246 139.49295618120897 83.96005607897395 515.5998049354329 
220.86220181157694 572.3183993373632 122.05817615345303 295.77157660970767 502.03682834329726 389.58804143102054 579.4062574722279 72.0756721869949 297.060110519723 101.84385642173959 
357.0813255207616 320.22326179046996 405.11861041016755 358.7924360214738 68.30641408190388 489.0313274259861 388.8856954141059 88.58317406357308 102.51818433009235 264.81675850351877 
185.87306804821606 611.3419195694148 342.4009185251525 276.8428637867118 608.2955702866439 298.05359890657206 242.4805613668129 89.91181469306571 315.0428785186652 495.88788187219177 
527.8724664248284 480.1967248571136 189.3519041184196 391.06133398096387 121.77685598195367 340.4074217912774 405.7735559240214 30.330026973338825 60.31548630177024 310.38329816201576 
220.02780926082715 272.20620628556924 503.3033791371144 179.20727616421507 465.34064392884864 588.9929115013115 499.54941994514553 54.93443791432451 488.8565856827178 590.7300904118314 
115.27944669633861 448.02918100159906 611.7208561886814 492.1462412853521 484.27569679866707 164.60463540223586 346.4245575329929 93.70902115457483 488.32625837600074 55.55807125566477 
155.00683815165124 197.86884131186483 326.57843365511997 417.69599347464276 281.70778365059004 331.58905322402336 182.38950423817852 392.94285385408995 543.6656798729236 596.2564376021012 
346.26897141790676 61.72690230673051 313.25248555966965 616.0659261736045 303.5056942571601 76.63704977594763 475.6412647785691 105.9731481931425 445.0740388232406 432.4445103230754 
295.1992063610474 330.30849431040593 610.4123227177979 118.58297424013158 274.30026215388637 473.14676815879875 20.667815814233073 150.1809142823243 38.15072287161357 491.5257740667888 
311.0016483986363 23.739978037012825 229.22195558115715 572.6078173779854 320.5475881128425 593.5531087565912 144.8836976006958 65.87791728719259 248.6183632310658 114.95614650629814 
401.8318045088216 111.47223929186865 535.7532925030212 350.5066994759182 260.90418232207224 535.7308019760973 178.20094826882556 185.18395236975866 395.87868083754444 335.06794287475907 
534.430698015206 546.7033403046663 439.84666478760005 419.2544327321199 432.2667303789009 177.03955396479225 592.7559548667583 235.20504923795423 335.23843311852477 351.25194302366805 
523.7170832655518 442.36510169441596 476.7407961160071 189.70584169683062 351.6663188429758 560.7899635659362 220.5986756364364 359.7836375663988 237.9794915089282 463.01121612406746 
56.628561614984264 113.17934446930161 74.63023635115975 330.7830712192476 589.791679729389 354.87045141673065 301.4863965054866 447.80302060822646 231.53214602259817 389.8607144591994 
236.33834388458462 549.5002859918126 51.89396560091254 143.78775734209876 51.253023819344136 400.9859233143687 401.0104903542197 603.4891165736926 78.84742461357486 424.25830300120697 
458.5603194486396 173.62052075451956 282.07519312942003 145.75765428242536 619.7831726015496 395.42026777791386 471.12023598507034 185.36359644501232 576.6495634271206 423.7132081186614 
200.99097830830416 457.929161877476 502.7780755535816 608.2483095782147 433.40906151291443 608.4452471598737 300.6939570416335 275.46347710637355 196.58617439329345 451.92922505126154 
420.0226882837354 156.7713214359045 226.48294652572952 139.13137199549408 105.212493723541 259.4596797901122 523.1433881653136 519.1528931712267 481.37926035022673 326.30068521784705 
505.69883691945086 120.06942769481493 236.8678735401267 579.962004531677 399.63506078976195 318.65356119211054 611.1236075440008 598.3141621031173 239.91629457908732 420.2902596402821 
546.4672280348312 316.7275024354181 223.56002465826893 520.1789081578556 212.36777034990376 103.45273111954685 295.2560800423526 166.91577476678924 60.80656590545031 604.1786809711801 
599.6240280551679 199.55049786815337 121.32634183680986 201.86108649214947 383.70243700227786 279.2105560360342 194.35909598248708 87.91606262798796 283.26384766906295 386.3872160532175 
551.4265946168069 90.87209331676398 476.54914570403184 304.9770474333733 500.8071190536227 358.57432861886144 539.0151901151719 264.1723607724997 127.26229511473124 140.03475005373173 
382.6892871214176 59.294635822604064 464.4177791069475 63.02225774313497 613.7244316422745 122.66454249954047 508.3913705509403 53.48608252470249 191.74886543454434 365.6023301453368 
431.262615878424 192.9065006394151 224.60397697719813 562.6523447191244 102.97724535304172 559.666652017835 82.06399823602968 199.12538218177778 180.2806907158172 450.5389346193196 
362.13144741321287 53.05270480360258 571.2739051111066 528.3799948961255 393.50201868255556 132.64543313052746 234.1856567980036 192.12793435812668 307.792613205717 140.3530196387328 
618.954808775773 615.1955600850747 465.1262973667995 384.614628571881 210.21644737423026 48.35328575108256 166.6680389827753 610.397087757745 180.28550157774316 533.1956495890556 
137.70473473590843 369.61330395362677 510.7317653076062 322.284935160348 214.86352710712822 502.5146957586524 291.1398973762373 452.06593735328977 21.06205369661778 51.151575875470414 
453.648297926904 64.64536394621021 361.7842919344463 475.9950680518796 151.86048524625897 224.529803399895 226.2759147587579 396.814539658744 342.7227778860773 126.4158699145076 
27.252833675392534 228.90394300974262 79.96210714715242 340.1264161827778 262.71661678868395 235.75129224846992 577.6775815774578 288.78644722622926 533.470659382987 269.24449456485115 
452.67961512648895 106.33254975032689 399.9307186487573 618.507740214644 504.17034342590466 370.4495464012377 111.82369460308281 538.4619427952416 539.3591890122118 557.0281848897389 
594.3683000909308 179.20305427193955 303.60709879593844 212.23751325043648 424.5314259210865 387.2920099584317 523.6934889366262 388.30580037566114 280.9539915445414 400.05000724629497 
222.79934443216223 39.10372908812646 301.1398593415442 203.95297610523798 415.8004772893452 221.62347502255668 529.50179515005 78.21888703434688 443.4646543347576 299.4476533902256 
389.85812015700566 194.6816337866958 354.1460576206877 494.3016977227805 465.9736389242034 295.04536453532205 91.57129363453907 81.78346938501274 423.7389759381133 216.6128781035293 
197.31035615194065 477.3639435848933 258.58165064556835 387.581927635078 486.5263700216887 408.7525516234652 201.7029384280932 363.00310644175653 505.597954346525 520.7210385239578 
168.73418275288094 222.49318075563397 330.2078490635995 108.47965271117708 384.40618127011027 200.7974055426882 412.49163891827266 25.699182663712186 166.82564637073745 72.29487138939324 
535.8402501275458 163.27288519778102 404.9522243936558 560.5403605044313 485.9500492564252 444.91178007211795 412.8700516446141 193.93662126631386 396.71417937037285 35.66736898377159 
394.44738058961974 378.6307405247532 79.54903004237588 409.4750793006312 501.97828567765606 409.7284560313442 394.74951651092255 71.81275435110135 222.39987933742788 291.9199138638108 
273.4667829354692 83.56740568012573 174.67915042097601 590.6110663768978 548.9024207880852 82.20435686699867 151.96280646504388 84.65391603082308 105.31261616218282 46.33231170890047 
592.084200750598 541.7698408635033 603.4160890492522 399.7581589708615 410.02079258661024 487.7593902417556 190.7996809289984 401.1253639008227 475.8962262688537 190.592594432705 
555.9151631511553 315.22947707855326 572.1204011438963 30.473225804432218 234.26120739099125 412.10475831858764 613.2616048179985 376.9710954302299 25.34404148295231 189.97542384420117 
262.24430992886903 444.3158989014207 329.0107363848046 168.16557256711482 226.46632654036944 345.94635984697993 359.7488040389129 346.0611164056663 267.4292458542519 519.408672232887 
347.5458507173437 374.2179269383303 507.47574659961515 42.6976189005349 183.90300585056266 33.709608261943295 167.227632738935 313.13444341304324 121.59589327815775 569.808764134693 
617.3182140844932 309.87508959726813 286.7770660870342 376.09561183771496 578.0130281041602 411.14242540447316 112.01324729241749 275.0874308557461 250.312295463288 87.27651698263746 
148.85159704045114 191.48295362053332 112.12928192525479 140.69644888396232 468.5084603464348 364.1150210145593 63.13785633940288 513.8674567872106 209.27435560160845 592.7057395188848 
551.8834665127467 436.36723075665634 579.2291451304982 165.51740458814032 268.7508361052361 32.14516882832608 572.8609379253578 63.99334219984969 138.38252834902823 258.06813049127214 
610.1825361996191 190.48213432679304 95.1418004309615 594.8465637318733 56.939293281617715 115.13909864764516 475.2137468171874 61.434872603638205 534.5018770957751 588.0989218683881 
208.9382581771662 73.99955477368303 78.03796321469471 213.01274923549207 346.96883441911814 20.54892683452572 551.5564813694571 428.0440632371545 603.8506667354258 572.3183915154643 
478.4180594219593 290.41661384045597 152.6119601148556 503.0046041362993 195.90567760689297 510.60844268807955 253.96223755552367 536.9427025440398 192.44897588152884 332.28561675997236 
453.69129792213266 297.3199981084909 36.09630318682271 404.06941441025657 31.862528448271583 375.5201802586516 52.82790228418327 339.2308877388049 337.3945433406446 92.6915707166191 
263.30420721270264 209.4062983386275 191.62465726104017 274.63318933828737 236.64301807010696 368.42732802674516 94.4480444435028 111.09259240062839 69.819177004707 152.35980746885357 
516.6264006765541 120.56892785011084 451.2805235326501 351.844689961869 111.8597130387661 591.7152532886641 517.3739542334308 102.83504457709772 432.21500379136546 22.433538860000173 
160.17532470482627 591.8226573473208 480.50572931209405 27.7565304528028 395.3167729610525 521.6483589173608 583.2156513001722 537.609792565586 348.405546372133 233.98942147226083 
417.56090136972466 455.54790508405347 368.6277101625993 334.617960078361 176.28387297723415 499.5586474058236 528.1307614529852 617.5242132228572 203.77292555093493 296.02864795468287 
115.77879955348504 433.9981504191555 587.1014587717896 547.9645158035149 283.8739590985045 602.7634738885878 535.5802032931614 248.56302632538524 156.43792213436302 507.25748453754255 
532.4163797261423 61.2242390111271 257.64728280410185 376.1508211260473 192.07360347008708 337.10116854674317 269.01637957598075 293.2005741392973 506.92621850775066 391.2799007000116 
473.9215161811129 232.53073408433323 116.8018081044792 408.6837338764763 198.0602353806538 165.4336321855553 585.0055700011989 300.7952960087401 504.4393387402264 34.78603368793692 
414.42052308772224 184.29023105028367 551.4854908755848 143.17384125496488 287.2770051583511 102.67623933484047 572.8722220466044 250.8190105556413 162.18540638455238 362.03124935683434 
587.6568591095644 29.402407539807346 212.02588867933093 401.93451864495296 299.32130152282116 67.87649112807004 336.2887092526439 272.6842669407793 392.31042722569754 376.36140329409824 
331.458983469101 539.8957242911731 184.6617276909514 84.218435202186 553.0397154136668 187.57332690642636 545.3200061444794 378.3943217377475 52.80664070396677 40.75071540511839 
134.7309751810851 278.1304359116546 124.88887535780293 178.79242475988778 177.30723461244497 192.13040253130632 344.268910784131 360.4509071540013 124.36078317083548 154.27992992809098 
131.29580118461055 31.772665304227825 316.09540632395556 184.0127322916508 425.80532930313933 37.9472939220902 301.2529373622154 167.4161044721471 204.44084928898695 510.1930951102947 
223.00711399343623 405.17005309337463 124.76847191153342 348.77315030302856 229.69870127090155 523.4136486559339 529.780599346266 273.2353938475204 219.00562544144674 593.6323549518156 
396.381219960181 160.9706468314767 574.1420532900798 57.66016587249579 361.4470105493811 145.18224119040553 500.6799156986623 403.8901673510946 509.0578218599035 93.36100941516143 
322.5867250585222 290.787403694531 552.4903310940158 37.359453178003136 446.07359205622896 163.79767051657453 594.568692042872 76.15863820973132 49.84687573000726 561.746171642254 
199.96577432278656 222.42189249675292 510.3574930154221 58.81951467302951 263.04894305542274 213.92875231262633 120.64157648767005 138.22509434189658 304.8639302360199 60.98307669074066 
411.3460192511385 443.62136964026604 182.85069995612398 450.88901178114725 132.5330740108414 404.4129899684749 346.8849526022588 480.5885871173972 504.85726364444633 581.0043075842087 
325.2391299638707 538.5547101730223 498.7087568984571 226.1051645454657 74.05648143536293 307.0332115934101 49.91682862548404 308.182790935684 573.932236529836 605.7278371228132 
470.606909985653 393.15326000317367 207.19527848646123 548.0218073198048 463.80549622959813 130.40659181233207 399.48440442223745 230.82978296639254 100.38612691344586 39.25903597540226 
559.2126696280727 129.1739600821146 66.95054970104292 41.92632554891398 298.51370923496 516.57794022335 443.2386357613552 339.1117679396929 69.26374495656196 182.37237267041738 
417.660885225042 374.3027547982056 497.7729689682972 467.00585772050306 499.5472203482331 182.86950757029325 251.74020485422312 386.45499593028114 536.7058646143792 172.05991337631147 
223.06447062658256 566.8273452175174 196.88596518906775 327.983986256784 360.10712470223893 260.2509247963621 321.7379044801701 595.6819023309014 232.99860876117523 63.14420219920492 
111.86475705253616 128.36928248777176 165.58327614630093 307.9600548383062 251.5589047048278 451.95345210968685 517.5961364454606 249.4977183559965 31.81748500477695 340.91439168044406 
450.66537595380197 316.8763875602454 80.23028822945534 351.6442910622709 61.734203025450014 252.26396810433152 256.33405069809197 309.3393095356831 317.4959540085665 507.4552839672283 
421.0268354399476 194.53721745736078 173.43614735354282 619.3928052696476 538.6360950272615 25.39501783904175 611.0750773715795 435.7242953596716 320.23441596981604 481.79985266360035 
277.00505991649504 611.4906160464998 566.7964635052147 167.40723412678557 557.3157024199496 148.0377904029024 120.79117535524729 555.7003213631821 271.0011004465498 295.2468436468542 
484.80246847258445 416.16381345828995 515.9428741111753 288.17536506074543 315.77279792081816 66.66650564071912 151.06246819771656 539.2042891069046 553.4628363824368 548.1459408755926 
348.23668743609437 256.7839772786273 291.72127816162623 367.68915457932394 197.57026181566366 611.8730496716131 251.1584608595806 406.1031190204494 299.6189082425069 123.16384664933209 
261.8175358979612 136.0686929016996 228.1570097541529 282.18833168543614 114.4369034199309 246.97183915018445 497.083374128874 589.3980520061846 88.89778132520306 522.5058046521672 
615.0589651153334 122.31198152704624 618.4505658540002 567.1380651924368 561.470251404018 106.82599234654774 98.31367019208156 327.53576062719105 567.3121246807574 312.77769435491194 
197.238762262287 505.04339225800504 234.58384859948106 244.86042945369135 580.636047941621 105.30650296544519 577.7920570697394 49.98007500732278 503.8533465257374 521.1350628960727 
121.1543665141547 412.148474315245 284.20268961647054 494.70044666428777 335.0974461477402 256.0073498911827 610.3283020129787 55.159568400563 445.64327633714254 230.07616418071797 
197.50956614204406 477.8000740185642 200.27735415512745 290.81797572873234 247.49287778192993 60.800215147235534 523.8925091331391 258.6168671865485 321.4459722635933 65.69726386721102 
548.402298433625 366.7607741232864 384.6286333740049 517.6582133970361 449.61738069440304 174.52341173066856 531.3734043785087 511.64635117731143 474.9790299917443 365.4390702712591 
248.97016421314186 420.5777221894908 495.7432115261883 101.8640165925083 429.048174852801 551.5609750801324 367.2090988458164 156.9183485525085 85.04954784279535 546.3145061093206 
330.5858341906146 594.9018653362467 284.3876868258413 371.8546214818262 240.09112120000404 521.2778586227894 353.88461381890176 297.5483872105597 148.87567061424204 373.31853510368074 
367.0806958387913 404.62500777029385 137.3668423426121 172.5058099100982 72.01090761871686 324.23945186504136 417.62571463547766 509.78115015661183 168.04098161178388 50.18208163044296 
497.31091926277156 584.7384272061585 590.3574245614471 422.328008064904 536.8432007447436 369.85321993561354 210.70512287384992 226.9199245404833 383.36447216133115 320.8426840687667 
112.96612715172034 209.7782529459819 315.08497242845334 604.2493270380697 152.1737359857773 448.53225149522467 479.612400385607 163.34285261579544 255.55511620579145 479.96579805357555 
359.85670657898663 293.43348183120145 74.19665568317502 328.5718064697156 351.1043778513714 147.6907311300553 343.92562116337587 132.4087796593534 482.85580174568554 544.5612822808802 
464.00175842640243 412.3534077540637 469.0196933549714 197.87968805581525 152.21281405545574 380.8428894055103 20.058077748366326 440.7657851189131 584.9675669381643 236.20075491814683 
300.6757882540796 464.40239274687843 580.9801833775077 338.63999000005674 366.6481391318515 42.78716434472237 337.13962251772443 514.037046580047 564.3805228095165 464.5523536656194 
175.1578389070647 481.57068700215234 426.7936304492886 542.9460989468886 507.59059383930116 151.3192793381039 349.1282382433703 325.0691880370604 381.82446583366726 487.9103962516025 
278.26307492021925 71.46087643351503 510.6241088235987 386.3163128032085 199.139592161671 227.12760954694213 47.83307572269727 155.88938526979294 151.88757809534343 455.1083239301208 
517.8224034597896 158.73075884586314 63.24501982012461 153.6702100797101 457.28043361369095 98.48645335593486 425.8662668878795 28.228437204959647 477.9376400564539 405.6644402481533 
209.11209392415583 239.0839505597994 208.82038030019945 115.56636213732989 534.9154237383815 396.0727389142051 526.6270603243627 184.92785238442198 602.3165460347969 221.22049947701544 
32.8207502778573 343.3610657474868 94.2614366124219 450.4964688850119 86.03176318473334 525.6931496033708 250.25708816122247 95.76011064197404 448.3640954670314 81.29461099198767 
138.47745307242957 137.99441421147566 154.19939787560173 106.49100052841273 410.9138870184325 472.9195274395735 360.09224600248956 596.1519265491723 575.1637697161216 480.08060715125697 
84.35049072436192 460.5511468733873 566.450963641336 536.5034173718293 494.8944353988379 203.59120169230238 153.47208662163203 146.01167177579958 553.9885262858808 608.486768591649 
61.662138375622185 505.2996453441076 578.4393611306419 527.0000914616666 447.47334516739016 277.8539847770329 423.8538320200195 618.3225257184286 307.2609012250321 496.818300758142 
151.5509168766768 233.69570805349312 354.369430858695 467.8945207904556 386.7211994533363 592.8663797244777 48.01388121959849 293.37446500078397 326.4276008986569 548.4682777262628 
607.5485846987943 588.3955923409738 506.0411837104406 184.42518991064972 195.7182321995883 310.5146969767489 182.70582854220868 44.46863756800881 604.4845991003891 373.6931044318831 
344.4253004620704 136.86406249167413 527.0226086797185 467.7873305626713 103.3668761688394 611.4393888403212 449.479695519552 54.63880210426844 181.97479395446135 155.00935849180968 
546.0919866034993 261.856481164457 350.4876487438795 301.2898723019445 111.25124027425184 545.3860952244252 24.453293514740043 601.395588440142 612.1161993476052 341.9597747889795 
580.8350877961162 351.01489845674394 195.36211526320227 482.51974213124805 301.30315736666813 520.3559211742761 31.662229209406515 487.70992032952205 601.304492440369 282.9571388487234 
431.494926869316 616.5291909779102 353.50559763404976 89.45660626576358 215.8702946107987 289.239923899294 264.2014360682721 582.4133616883794 375.5699144669665 255.6257531114203 
411.2845015951862 598.274921146958 602.4935765561353 429.69211955660387 602.3675424578186 52.58438217028785 226.70661664758606 461.9034877906522 161.65407882847728 454.52113914796485 
242.78180339133544 70.0509404257692 504.14994695807974 146.86876771505854 259.02928175255346 499.8438384759791 205.8101867276767 117.50397753153632 553.2085463426689 236.31941680271643 
28.21450980432401 378.50025790252295 368.31605400581236 437.16398939807846 106.36546402690135 58.94003067527429 532.0422839497483 309.0394683004978 458.20284861876206 107.52902873625719 
33.49192183517218 598.0090720460059 524.4281695173836 451.10674583665445 340.761105752625 515.155878276015 197.23300681263535 405.1465553702801 192.96528086079925 568.4879935867749 
146.52479301119146 482.3393483025722 350.31139944981385 522.2240891187497 602.2440216402001 295.35440857405473 135.80849153050505 454.5530883821157 301.3664251408719 599.8713270031033 
152.2100163778806 434.9616887613976 458.1840566284814 273.97661389687755 507.78197095595357 492.22353448788726 166.45884576188158 180.01883374699838 234.49039363986765 294.1437180525093 
392.0424783624067 205.0159356298742 132.2021005817326 510.1524501995221 264.5563890723339 525.7087055062707 22.492315487823404 177.84161570685438 126.72551552710168 294.35378605226003 
145.65294521694142 144.53782710569624 149.95957203901762 291.3503377376397 384.4954525402362 605.0060556433662 274.77576395790317 40.79389854266653 148.5416627298885 106.37715212872934 
184.65641013376484 435.05122545655166 102.19671906750565 541.3934129601131 571.935452761468 264.44985843284735 470.49761781694554 601.0657498441535 504.3075500202697 398.17627488178624 
406.0312114169908 507.8360686526704 250.55338657136093 112.47621891251502 50.615383129838776 200.3390015416422 474.07513425474076 212.2509616465727 475.3371164979401 290.8563340288212 
252.8356846375259 142.1435014986485 432.5413461294329 266.558168336051 134.29540247073444 433.20804500357366 403.36415670251455 555.6243479771089 383.9402765165068 381.2568977849879 
574.4041854165588 229.34009996051532 335.9950245778204 202.9782358847367 527.1259691239059 261.2594777026626 104.91512306997775 265.9187037641563 173.58897067072752 214.5305118468727 
66.25125091069933 338.42446565849764 422.09607485472765 378.47562973199535 265.48021194541604 155.63450907414872 406.35514994728106 525.521255176503 263.39573180727655 347.6199925127955 
261.7477378790189 409.5702700211007 76.65326048369158 525.7632082244156 582.2981874045198 76.91111051500914 22.062145196489816 473.4702068831014 41.937458748002946 610.7571665778913 
423.21924675297936 337.3105968730764 613.6549632195133 80.51044030686589 488.07755619997033 64.67825662486695 570.1323399680665 616.842921654205 616.043603306104 284.06694207557007 
599.4529938071239 83.68965105620313 543.1975042771883 374.0542818240186 519.4810325283129 168.24719963006478 284.2292033014214 417.0880839402572 224.50331588005153 460.07121038386924 
179.68487602861094 84.16858558092913 47.72858990312268 440.3668070523813 107.11710769479633 246.5204576112783 73.23716398999956 252.56566152526023 464.7325413051331 60.34839655104214 
480.97505518613303 275.2833878996397 486.1310243288457 420.76976288742037 358.3863923761335 268.7511480009448 394.7296319243715 231.01846911130866 362.2776427748381 215.81497994172648 
256.4655906781558 283.013402176396 364.50764559117687 328.5968910245724 539.3717267443797 295.3854362158187 165.0969035261179 241.91123996991928 538.6182790847978 605.0567091362781 
106.3502644941027 564.5302754312403 575.6146704035303 358.4658300040069 371.5864039961166 509.392530122018 229.76519717539054 398.5328830674704 302.0679857239466 473.8477810547835 
611.4722000701539 593.4579355643233 415.7263712696559 591.0325657892776 234.98054653124896 103.44671399183284 361.27435865882086 223.46957626970394 599.6572773839184 231.45737503535625 
591.3009591623596 519.9850676696298 538.2998513703257 54.06198666025369 87.94185750838768 307.03791227853844 541.0672194662683 378.5164443961482 24.71924755419675 335.55391281783045 
613.6269259485082 522.1327288915556 598.1448807647699 454.3593136743178 578.1125351226059 160.04713589048188 612.6800776724588 231.30718255353344 475.48464773549654 37.47815672124311 
552.6463742613479 493.19039093452926 77.88958693562086 292.56801148802236 424.68061156545815 405.53495970579917 269.60939778446317 85.90132977113214 604.3282521830259 463.3675564785309 
205.19685126200145 582.794797742216 270.3685755338155 314.05080813880915 503.3893158169894 284.4516554206656 160.4656026169266 283.28033583437997 85.39512034935238 54.07462604902209 
331.73837974431467 25.337037376800513 216.14629402735767 534.0310763770217 559.8445569441034 468.6885823691119 57.11131129719008 600.1642088791211 360.1708145129842 378.03372997647836 
589.2616693730638 249.34399975854615 564.7239974158613 603.8832960691312 314.786056205604 66.351607766776 138.3166853556234 440.7714914137705 496.14575293234816 366.191043687429 
67.64096433388343 65.19132800265933 41.06513162611019 257.92182104311325 506.82406941104 374.3479805994534 492.05101304446424 26.106409166647598 313.0598120079977 96.82369777298995 
329.034490386236 175.96611531790035 455.90934969919044 396.2481539684239 543.7291223390553 238.33919463590846 333.86516266541355 339.0678145351963 394.29915953838776 580.5350783580794 
181.77203168457189 347.5082991385384 198.93161384478455 419.1782195827975 102.69856443411511 308.8232752408586 576.9058390301136 381.1355051217651 207.85327508964173 161.92377320240263 
295.75442780916575 108.62084447711021 498.13885787075776 132.48158432763603 433.10923238819777 154.57088895993977 470.9382169541843 337.6005484701204 511.8261033604314 164.38533552317608 
385.7264253766547 231.1494953403434 616.9822301159943 490.12583538058175 272.10195630052493 310.85046284499356 253.33978935502915 133.26710950630667 113.83109551408711 258.2161577678147 
451.8696641720528 262.0940630990965 592.4994015702651 432.4301971839118 183.92894477063965 499.8386665083847 324.3637513967699 589.2640199217223 491.68600456894876 529.6502829476976 
73.99881542965157 46.12410034183892 493.3868672255181 512.493304369913 578.3318174980589 64.3234386835185 172.0566628161936 564.0657355966642 564.6590792953197 369.67068755681026 
406.2298573991782 286.8325567839919 496.23839688913307 482.4711168189074 451.30310337289933 103.26755349036807 329.0507446356372 478.03284346787876 430.1042920456694 286.3974131367557 
113.32521536934524 148.7721845755615 341.2717586398493 333.74180841726746 423.420857636603 489.0119219909894 444.03726138262346 280.74324409834435 349.65925178933395 173.5661446111555 
228.0065284439065 299.7803564725798 535.7014633549854 251.20546142083623 526.5311150728935 480.85852684172824 295.0632110290908 424.0964343825549 282.265270816459 440.07140441770923 
190.3619368801959 434.30871592437666 23.50167987032346 351.92726707137075 608.8896384653053 428.48392339089514 259.8797699758421 351.6338287288678 218.10501186479615 321.7598827265986 
556.0602428069633 203.43524750183417 134.63888603436288 132.04392954015253 391.9597313665844 81.09526074593668 590.4065466567724 405.72916356933894 68.13925074789654 456.61992844274056 
429.42074660670914 205.947223995785 64.9402539026307 443.3139423919133 318.89914873298505 484.4515218623544 413.9618559537852 89.26418377437152 508.25991313477743 408.2245640975618 
590.4733024452992 267.34423176354176 319.5993579204506 161.90315787838634 585.35508860406 557.8337158517138 103.24509717158723 497.1151790096765 365.1627558328781 469.74600446228317 
541.9787952071597 249.82182269162584 478.9068753278271 496.95830579914383 337.5219811036009 396.7588370692284 120.14325844963014 255.2376779743784 62.878897162817694 572.070769693902 
502.9667562209942 96.25674273355769 314.12991916121933 515.2317496429307 560.5028619231573 144.6930513249821 445.26949972006383 471.3466163798443 324.4903763455401 454.50549003047655 
119.68228438890459 114.92624443681783 494.5493720135086 130.48189295114094 61.85108803188384 518.2307274807108 55.72772041848644 611.1512003918349 342.89067168130225 35.274123322335285 
552.9204230457726 459.1542723232706 83.50086886740976 322.58459777415766 580.7550593981356 355.16686066838326 207.93287194874478 467.8137806747322 197.53738270416596 541.4686040226904 
232.56256272809503 547.288800946158 321.8507386076758 111.25177654307825 22.6644341278528 83.60115821968003 320.4029396661234 489.7635070932295 200.97995591739942 424.3257771963212 
145.71461517117464 603.3752584946595 441.67417713545206 412.9643262817438 332.24245007231036 182.67334108610444 433.27418127154476 73.20631206511598 509.53132804624283 195.6640939780343 
44.18331648967822 177.60186577829256 240.98905624360341 357.18761102304853 174.36476778447874 121.73984506379612 146.87726207257043 410.63371194415186 526.7883978232501 275.02509119198305 
220.11253741190393 28.05392388295827 282.23443677530236 129.14848740762454 193.47124626946956 124.76316933947298 611.0479612929878 515.3438150084784 366.7919326979195 134.5249481172428 
305.43765800920823 311.5247265006523 252.7690981411331 341.41382994492926 565.9129592373193 410.39607830249395 349.93190504347456 514.4488710445098 325.45291659809635 269.6329825749429 
501.40181282393326 41.09182049099263 245.00092261142527 115.22153007743819 448.02277010242915 105.7038056297736 63.8787845581843 419.0548789034419 534.4575803600427 209.05425957850707 
538.7139164331581 21.878504532480175 76.84449854424112 74.97582925345202 354.47368526590105 422.678238997538 50.60748357588208 140.25913870587505 141.20016354033146 505.6049974227196 
107.01415979871803 573.8808288137362 80.03950727425864 325.52985102245015 477.07497938340674 121.65910127176076 532.1594662994778 323.32323305842255 271.37743756107716 422.4300493443239 
274.148803739148 491.95198601939506 34.449167974580575 591.8388647434515 273.49242179573184 564.4880856938768 362.2435867381951 619.8394668469189 87.71591273168487 45.12266546418793 
541.3417560317214 477.99641563098135 520.7932919230352 54.279216725066576 118.46441745168147 582.6827931135202 520.4116899825713 108.91965581053427 458.88776312755016 410.2679280931837 
449.6867027182515 509.1369589886065 502.3568188298059 610.3883941704455 616.9221446311126 152.12824813254034 275.09005625156306 313.3965358157767 297.00806118048285 144.6419436915848 
66.4691489237093 78.07977812726462 228.05062482137384 334.99278263330905 129.00752917844284 75.74476493650056 316.827711927327 35.738519146149386 510.1913700484921 56.759987706773444 
36.66393312508225 558.1118956678773 174.78710996279239 595.6506682504429 151.31885603982042 129.301858490823 126.20882673116847 460.8396247647542 348.4821169814212 113.67751163223876 
385.53952056426976 105.12786186122798 116.4692455071094 209.04885921656137 36.79994789743316 423.0087169058978 147.71196544615455 39.05768253646156 97.05871260720055 470.909173705427 
502.63658621562587 112.79278532372044 119.97752013971906 396.4522697336941 317.52438659366584 72.72298468926132 591.3851178554678 372.8341229972578 389.9476986565986 102.04169234306977 
525.4738584019781 284.4096075523037 525.3753660585736 112.51691505851313 220.2126195253643 259.5801009534729 478.5414587036422 483.94044299587154 80.5696371527205 497.07742652448786 
273.17081517095926 476.2697910990376 368.139329373025 181.73732879435784 33.655433523804646 185.55678287960308 285.7664848643251 235.8566541629127 212.2751075195307 64.75658767144968 
355.7619962128547 402.22757960979317 245.55637802496352 580.5107922160242 200.30337309106025 504.94301233681585 423.363353116555 526.9984025980357 182.6143185581994 284.0665970351571 
504.31428338553303 467.94840656558534 517.5166883871048 150.26132402717002 161.1174682790868 527.9077699027259 609.9488618709235 555.4703046143826 489.42042023097 503.85850135881 
330.04411670467266 225.7436040634785 563.7659562898758 218.27762851018423 283.3628262890499 252.30476561703387 574.2489338925914 584.7337771731178 84.87224639492486 186.95089360906914 
427.46745695248063 607.1141028662084 395.26752625166665 37.87990672044868 245.3622644399529 83.57540552195032 228.22792110410847 612.0388428652324 345.53804268884767 536.313028424214 
387.2016133135361 200.08689379823542 236.66036913504672 38.24143962654796 40.313320213178756 150.06698387967742 512.5222477683095 557.6801817646674 591.9880376790597 225.8794503877702 
278.37360872752026 392.13892311515514 559.8848964610094 196.65189462498122 293.1078977232291 212.29535392826688 115.73485127361114 253.09866733150835 560.8993735868368 387.25979052696624 
498.6758891192418 196.96392801159934 455.8846361332764 412.22004791580287 459.67959754237916 499.641835563566 613.482597192874 609.5605104469818 445.6627211728125 76.06787687435494 
571.9461800707771 424.5490283424628 181.87761431215316 169.97481477359975 97.73985747162193 386.6854489200337 61.17514192535769 496.6072307155797 278.33645172862816 557.805566784388 
98.73398596549566 338.9882642834152 616.0273207858343 438.03407384338385 560.8500122114832 43.83231477755167 506.33928671744087 50.680494576192416 126.37930138949656 313.1975796741123 
434.65239894053263 277.17173658734373 189.42896020366703 437.97203875297924 174.61202748594815 63.11492447864358 61.88907017761143 369.28663798177774 421.9291862585881 266.58441976422216 
384.39975135160074 273.9495635875684 47.162809639696235 69.726752975214 404.3470429537448 369.995177118141 501.07762755254896 224.77707116599083 129.48135904292533 388.4415242764561 
256.1715813911562 555.5810102527302 515.7521541866313 557.350037503959 117.96640358166839 285.7157250363429 397.9528209219801 154.28122439690773 189.654985781358 314.30374047138355 
421.76921713461724 23.240136275026106 23.699654693539035 110.6134419695845 385.82587639621613 602.2053419313959 443.97474357482946 48.539908532773666 552.323473738855 357.33512488697954 
272.04736830674744 352.0599020334689 234.86131827504923 269.9446247083374 541.1901313841726 572.754783493133 322.0387714771432 372.3478597590013 131.7195509339548 70.49484334095307 
345.4290808928943 278.6581060739089 511.25388894237045 118.37928588970605 50.51960410687682 206.64061890119132 213.48416239366168 603.0251180831102 579.212087068122 336.71125653733907 
39.052096434978516 41.298990526245866 522.4767704279469 104.17498852968951 512.1287630368251 584.5856744772354 251.7539298938608 370.79776293564123 276.28765979397986 31.68686071354932 
487.6969148161427 171.80566553870813 63.26595892494651 421.44414723541036 414.8501256100911 284.4051452241581 218.2076587631642 526.179789960954 200.85574836138036 213.91784055334475 
314.98254214161915 317.0492308971136 328.78327283315764 543.6240544307271 545.1743565693528 22.398848300784408 501.17502660668146 544.4083895509447 514.3324379962423 550.2228941404048 
424.40196168050863 290.30138141356844 229.080009780267 195.81330030097166 131.92323471406672 476.01087852135976 408.6733652425885 105.69612661764643 55.043267387771216 482.53700207930893 
604.6053934124265 518.9483545327137 599.7601722823472 186.96420682251807 361.84727636744816 556.9887502872165 538.2992083977748 362.52446751518056 405.3221351663854 82.93672048909602 
273.9250935999876 265.02511721907047 385.2044483092492 501.6326917441862 587.6267978826083 151.73525011508383 64.63872914921201 321.413852255268 225.26872966847222 428.8243446163483 
183.47153206068916 48.739131292357946 33.80190774577983 73.44685415355477 581.5903229615202 536.7569102226141 505.1290176525881 126.5665957146112 515.4630917688012 58.909443821044555 
136.21692275273824 202.61459858265547 251.47230050079995 328.6676062498076 364.0505958721537 112.0742299434822 169.6371295411221 36.48979290579273 184.02201938686724 243.08726427676712 
361.3175397816383 225.098668520195 310.34798833927005 498.1747623759774 254.49416233417247 374.1695435359379 287.1103421222008 132.16637773751972 350.2174843536303 215.52410937979388 
308.51264424398585 387.431978515755 503.8202577259477 249.92337276958614 456.94682230300464 572.5092608989612 134.48690761757538 86.5532738041609 417.46364910409125 580.2209783523197 
496.77355918584425 476.2971811340342 477.2407960924158 191.37589620679705 297.67249073936335 59.888538854029385 568.6421835749647 60.14678758596266 92.81482387277754 202.0377466571006 
264.46237231630835 427.21953097577904 445.40510240284186 232.62688316678512 383.94978803400005 356.80690706135425 581.4815572190954 366.06607235553383 418.20251890994695 443.62091820723055 
225.09584745689128 319.9051431994974 533.5303390622983 85.89739360808518 247.0059097031752 403.7945478799056 261.3769260819562 370.56647549865477 310.47584422356994 599.8889964566413 
533.3957691160639 366.662941674736 247.77637604384046 505.78784037936794 270.2736596066526 573.0700446506933 50.97980646325402 161.10575663912977 482.8955517394463 416.6904963698974 
110.64317611719146 128.76752799732125 194.44442096045375 247.13853360338044 485.97330035666806 552.1208510745527 442.0299478484783 424.04671530487354 540.0674919394354 258.96049834973417 
366.4397495784946 443.0811858918376 423.8237972032125 133.55814583151255 148.60697285297604 596.7592121828438 42.11431484655675 127.79106281228297 501.38784983671485 416.16269666847757 
285.8154994838463 432.4638905302902 575.2431427309305 289.6414614350771 63.28916662138018 79.91686261223354 486.41714557743126 204.5999920074347 214.90785535190608 199.01452871900148 
426.2079320001632 508.4615024849978 344.2184844616547 93.6085175512332 459.9227275812835 134.90288159759547 549.3378464884797 265.5681905309598 474.11204640526006 491.45445705114895 
388.17382625135 253.4729860665744 480.6764034129104 554.5582853108883 161.06605379268413 308.0599793819561 436.43935385758925 68.1786315012848 144.4397575543667 475.52073050824504 
86.78055080603269 292.05842256614034 159.0664696144078 409.74093200804873 91.92265691268753 295.71553059302585 206.52554103006608 384.57661163584436 444.4657790582908 144.27251298331646 
57.45998053359565 527.2608440688437 136.76318608560774 272.2135546133061 25.220543334000283 244.0344721022287 386.73221515155444 291.1624755961123 508.4917218517535 559.0947512098915 
80.69377377109359 27.775420149751767 436.49341761837206 237.95560114886604 441.834642585471 337.8421482956265 300.352102629995 116.31321310569795 82.88589205286314 192.6894073120008 
604.2350392804817 205.51081676234665 151.61140798763324 483.98046112890285 519.8415862102509 95.6962887246377 427.7003442956291 543.0042590593785 477.845101081846 127.7663753984235 
379.6569390381749 520.5481834727321 579.8792753934702 355.1913503372687 140.28179380413872 123.4479248599083 64.66264926993604 466.8136332776585 109.33814640004196 553.9085267146602 
211.8551368719284 391.7145351023697 441.996955205646 447.6899922184661 617.240136019439 257.24236537536046 31.654562133445936 157.25149962318983 522.8261286661906 321.2960890405583 
145.71661395870711 75.94786418860448 235.46143969822867 449.95800585636766 22.942129657879722 449.3719404112548 217.5559489347866 61.56932176354202 90.94129964471243 69.93678568606208 
383.5034550970415 208.342412093671 412.4208732494612 400.7913640737642 485.3985536780932 616.6033641839831 118.77084102992029 225.16346379409927 221.64157995828657 256.7586484795449 
139.586201204446 267.22356688469006 252.02554615443475 564.0797247356272 286.7175391474418 180.56355475191106 52.89881617204444 381.3992401763395 501.4440885380698 450.3838673542901 
95.99710273227582 44.81254128568495 23.363186386940665 305.482861163925 384.53875833050455 383.4784019562966 389.58982182398427 286.14227421911255 130.17686880229735 554.612560031904 
322.8598019519466 264.0022975445113 504.4022058902868 584.7678710914771 117.13071297598974 60.02028195143845 547.9904358290476 238.494926320951 279.27405239234406 356.606557142882 
472.0876269304154 385.4766080443529 335.4524288145432 550.0314055468747 334.5276722334196 587.2307203328779 260.7755762591053 539.1966096882795 224.97530810305443 574.4741012085092 
540.8290302953575 396.86559317089404 442.4887516437608 236.24217057644694 23.668904427231688 419.4458378304757 299.0952667729277 91.8575841534947 470.8769315064631 601.4172082102867 
332.9739545115381 166.8417195389009 466.2692040746682 530.5000670854392 264.8389476971641 143.8628658604802 490.8524610390025 249.65689812425668 181.1172207398165 209.81473138380497 
322.6217703212714 382.0211897728295 577.5145835461641 370.119037699277 69.79318219394526 564.8472115143634 46.563448854202164 351.3460607440308 96.06526105747949 188.57468245865743 
342.7464651346458 563.2467665740735 46.503074842739636 187.1018516546003 508.78949254241866 541.2902814442054 332.6386526109454 575.3607799746511 296.71776820535075 440.80052739541 
585.3813330727394 580.2887765879824 267.2690199654056 503.78570479272867 534.3320101284471 561.2893909509444 501.2572541601426 169.5544396022638 522.0949887237782 266.2770608530253 
606.4810078521734 450.2121650916163 212.1809609143657 119.39885768010058 253.7697150983974 142.13189101852845 199.09528481997162 386.5274249627985 225.76208942548308 594.4925053089439 
579.2048841367778 414.61839490958187 512.0101139888517 305.9789982177185 290.97777654500203 291.0265890987466 534.0025460519789 370.7378478505104 583.1889554819603 218.8742388551042 
133.7015049115288 544.6816664674374 519.6861910533275 254.56533031987323 109.18612590105712 53.23661913828262 179.30984559163136 203.53967183776484 30.996728899394405 611.6265219448564 
359.56001482487477 220.3603550459946 222.77360467585012 278.7873056438791 342.6051929823341 409.2286677350881 539.7838093838192 516.005559761016 232.22584879635144 271.01978564938895 
128.93003030179938 371.3749816102281 120.28688273940037 192.93337729305767 103.83509641768056 461.16446756080956 491.332571502314 126.85257854957388 418.5958437977957 569.1915235247816 
23.897947701213123 352.5053236590334 373.80028037550886 35.29484374572256 297.1301269417071 371.52155641647863 338.4016036386361 53.99971250996088 61.31342740989321 528.4803126059014 
21.042957735945983 554.4700644501667 280.8921651576416 305.0402198849 174.42656841865582 82.8408982954038 508.5846796790469 583.2472228503455 366.3211110447309 58.02485738593615 
299.18240589030927 524.1133790133784 600.8009634729473 522.0865868702307 321.6277929790855 257.56035012981147 323.3112482483584 456.27880160185777 377.96473871407716 329.8214033218164 
493.15208791835994 283.83367018338225 87.75542461751492 404.39568501777336 156.97633997920846 130.60337317902304 346.55706412911314 462.6483899211804 106.8940162451209 164.64344541352528 
217.0526145670445 100.1508249639625 556.7775145590108 485.8328721377291 261.42891584067524 64.85388763706919 320.36122973520304 586.6243835753914 73.59625754677977 133.18873066593108 
324.72939896193725 355.01905621254383 119.84284187432372 170.18856604745534 42.78584243131377 540.8586340515033 146.5182825303323 569.7250809027922 178.29937842857095 156.52955749141518 
363.33945064974137 220.95346733638274 487.1187122291484 433.1723052824228 360.9127319058259 497.05956110726197 368.1504573360176 503.4899522787247 471.0663321195333 512.4031315362641 
407.6941733423537 132.24946350099515 228.58639607097547 244.15076828127056 210.7279582526244 365.5697121700491 142.95063492593766 64.49240293379904 602.7386270686658 320.08988080302385 
538.6533476800616 379.53495130221165 435.6899384778986 483.1118441136527 372.7154113341564 420.967020457523 581.7228254543326 244.81059960960465 287.97314755503606 186.58840333554846 
248.18132853797562 333.60620604766376 510.7397433533499 75.79793393246226 297.55788808995584 575.7911481182283 551.4328966043417 116.13372540084421 205.9518954546482 350.50675292279243 
616.7626276935555 226.95935067223917 43.63512803367609 261.16256320484433 592.0728610582003 116.38973310345264 411.3178922071577 94.39231524958625 402.43051674051554 557.5506241673395 
615.7095929843825 287.64018948444755 311.056024177885 140.26518981614976 317.9674872640627 476.471334853316 463.6887345954874 344.26176582247103 438.6273619380859 242.70013383078216 
337.48130962912387 129.99621878921215 452.60990712996045 134.43018679758057 103.01654019226534 393.1828345528699 157.89655709431705 579.0995765208388 58.040552515555184 379.12753276973945 
351.46840366576885 60.62536016787794 441.5060207757008 102.95695837039581 596.1021917119577 81.74078254195203 486.519240423976 171.83740513430135 211.61687183898445 582.6192876087714 
520.7846950423127 155.27718912509098 374.16467063022105 236.87879965045454 273.1409842482502 399.6063154796809 557.1603011881975 596.0600873652036 494.78183041333773 332.72707864349496 
97.44210885767069 603.6731069324386 153.75576796570644 255.22945295599885 220.25894924315674 549.9048467890443 211.3386040803212 563.964971793366 206.67638329265915 488.08269977656647 
538.871928192195 304.17286723584516 136.9962324300344 483.98679152769597 83.66193347966549 96.25215505560942 593.7828952234452 619.1052862815296 342.5318590454545 233.27349510718497 
58.0904462206008 618.9262286360477 351.62209689553833 495.3245879121616 482.4841464260009 327.3598932534659 351.0315361941051 576.7827631766974 474.4501223003292 598.3851071495856 
232.89404137313082 172.60857020735062 73.78700816010337 126.01352105314909 31.483703630074228 319.7541287817656 457.57324180250043 83.66545986921219 263.94258804863784 539.7799833845171 
56.30380376311735 394.05126167731635 80.22491538943504 278.77421489429446 114.79014814611439 400.6515251920989 330.8511817384397 90.66744981471733 481.4170483792747 61.89044780837463 
211.066195293195 560.0378027669082 159.3501907700476 339.0956249844939 289.99457370779277 110.49909282277721 503.2880648715221 399.3383276831224 283.3876052806768 194.76651691863847 
95.35220258146865 204.24781190753 478.5551470463858 112.49315222055132 483.70921216538244 405.89360105661217 270.0763691779723 451.9712963374206 117.518609952835 20.829272784988166 
614.8830232315615 101.7922899444996 161.79996295329315 303.3917134431433 565.3089855252597 128.55854908138258 425.81336749245185 589.3494477798805 388.6999454088532 366.74166179350294 
388.5467011193203 230.99383263846156 532.1768243136194 516.780155681819 54.903659474062266 494.7669145536853 241.1468445125233 297.5107865593558 326.1862344138979 442.51961034117795 
390.155739602804 549.0271291228685 318.4652919295495 167.4940508192795 234.67523574759875 132.05905608774475 612.4331430780005 306.12375122514976 142.4191749892032 419.96709680078453 
568.3318424599732 96.74541717303902 312.78229791190597 529.4451231981739 189.5507990138574 606.316188297146 42.99525813267247 186.02547482269816 368.4876437608658 96.22986467645576 
449.58976519821044 270.47993053437597 298.26611361673946 448.32617299383514 503.7674596591311 242.2104732256699 583.9043996961077 522.1864700052839 389.26646607356935 185.7235636294911 
336.5281707300095 464.8099983861478 541.3191070115724 376.28168624687294 84.22160826397392 343.76413276332556 475.294790867845 410.8258253680005 283.1104541507933 24.9025477159949 
463.6216236093851 100.26269232800057 362.27076016290647 165.74499142304882 269.5806812696785 269.2105452554613 386.0569423775215 145.6124939217542 96.56647096424207 559.2971229417467 
367.4432190797033 303.6115640157226 61.407557472320256 482.1036905512667 215.97183367087908 405.5613870809881 50.34092339266053 517.8486964490273 453.90196698440144 210.9575912193259 
166.23391921876487 205.90512280223973 384.15316517871526 361.0663839012346 325.6475278037373 523.2448727701199 143.63690597782184 159.242774069212 114.33467886071854 596.9042903497036 
25.570071315058446 364.56674889897175 159.767360320768 546.5643479167884 204.36413243416948 69.8910173712193 429.28629348662497 203.33941424554158 546.6838110333373 285.39413173710545 
612.4669769187373 400.86819616041777 342.2688302811716 598.7327197293813 96.29562906352396 484.8006727266093 338.1126399897305 32.886598369238115 591.7491519549974 236.7748788832234 
609.5918862357639 172.79054245399215 220.37249847821357 158.9769953271953 552.1402459646997 381.8463489354929 419.44739118208855 215.37891000616634 227.06041027960927 279.40912673660915 
374.3461282875737 275.74660521032547 45.06811858161755 200.34130569417644 36.66413430608191 258.51334339646127 121.1617813948367 107.72844169725376 536.7251741984395 518.6113857138362 
184.41157169054512 579.8502893573332 549.0527409677628 176.3559168517889 476.26169688727686 42.50094658809869 519.4016294938476 233.4749504118097 20.93955699795878 567.752074402835 
411.9432199135164 472.3790627675855 201.56572014782793 510.2524643356251 185.19840735858804 284.76447480589843 125.55817506510895 402.1581847822063 355.31174158905293 525.6435664403398 
412.92484094201393 77.78679771369097 155.26071780346422 38.896222591316935 391.0380043744185 549.0893540282641 548.5938313379597 450.4360463504834 229.48447155279715 303.03416414343087 
306.29117213303886 575.084940841083 498.585100942423 441.99581516545936 505.34137284518164 333.25011784407616 185.17753591785333 238.2433373612794 557.6285926051215 23.49689612074546 
349.2558607042344 223.6213086642142 227.72332794811553 147.11140561617373 355.06101250149396 85.5174736033764 48.17071056628204 530.746707995788 160.21548985966942 390.2108397316911 
490.8702398705433 43.246185948810826 96.49642710990459 504.6937966499388 403.140444609352 152.7379218171832 525.8403737536876 238.0622072907363 167.06245282417888 120.09385986927384 
305.17400507705395 273.56700314880175 190.69604038486216 574.8473699589259 343.6640537184956 212.4212733545596 489.7620703295703 569.6631544106514 85.98057669859188 400.45635692568845 
68.38492454491819 359.4531650453565 105.16705774647599 58.72094150471159 357.48876401506544 101.23210114849525 138.71125826547527 589.1166108620102 319.4413398747422 420.8066246816111 
51.41046429453682 276.16393834967334 377.5391423212003 142.39167131418498 558.6248863455825 355.99259987800207 78.92762303107935 427.24778347037693 93.51312322395869 573.6493666716211 
349.5500948529036 117.4332775913699 551.8431471987858 299.81772406826406 349.7194065194161 230.76474712480928 597.9728065669893 428.04289168056613 88.90570557782094 303.0799771925992 
365.59353990628256 223.55595989149282 308.33441857458183 23.896741156112494 136.83092702196865 244.79081518572627 289.9879717992182 561.5613985678806 333.2960167519909 408.6878419788878 
400.60509999180084 123.98096589449679 102.68107004614478 420.8778275777566 129.2713870179951 51.032467741091985 334.49343943681083 341.84010710719843 527.194970852971 84.74318184758567 
288.52138872001143 410.128504677064 308.2610434669844 613.3358135748383 569.6256857228597 593.7589869253657 218.95876055921394 435.2319851631416 132.45050822564832 490.85258968134195 
436.2747058227206 339.10804418873414 349.64763449544955 350.62746682949114 502.14618941098684 146.09692071760324 527.207454029123 535.8339663350085 53.06851187785605 410.22961289916486 
600.4908012550404 497.7260863030404 553.4496654863109 323.21030319033395 494.55510755829084 284.6635066048319 591.3064566364144 319.61859107526055 182.36878944205654 555.4376249391046 
244.8955883630769 28.632822119502404 424.50754253350743 218.4155022890984 178.87361959874895 368.36808416052867 123.92638325098254 567.5954550976487 478.57946085110734 128.92278341809947 
179.401040785583 336.6679443108779 181.03316652864308 340.22741155955157 471.23257250638073 442.17570871924505 411.2447774415337 470.7892868634323 162.80891720107806 136.8665915808566 
382.4270407659334 53.427126385671556 251.6171475026133 44.333182299367735 268.70559559617516 284.08898640257456 253.30007779901845 96.03266402684861 508.92050948754604 289.84763814119873 
252.35114543921614 341.78092190872036 450.1129016356267 312.1666970243258 503.04121706171526 154.81438777775253 589.2903279884823 201.53171996209048 514.171018811821 502.51365366248643 
222.06474887431577 369.5396738540946 301.2430255586026 303.8822807432437 456.75678573330777 494.5406903207279 39.646557051065884 244.87489423561246 502.56006518451414 426.9257735780782 
502.449813306762 572.6681025932807 490.3593614868929 90.15435412340909 216.39254799844744 539.967897886317 234.796295392195 123.61519868339781 419.6731970686451 120.44767924379805 
296.1763049191417 363.4147166136038 255.12421945225103 566.4101941186652 450.8107578053297 607.1861150868345 182.36930173414638 529.7674185643036 428.387773644792 459.01343878853083 
542.5563490248492 217.43207808242724 124.96571934497152 600.5639777492745 359.25982894454665 402.2145217777274 250.18287885580864 184.52302091801428 409.1462881805293 60.31870055269826 
317.27730103783665 196.42457768691057 345.99689014031566 156.5310291333231 34.51039367721037 580.9717812208422 211.68052941493497 248.19594077356453 106.58805740818931 78.94090425651365 
617.6715012147592 529.0716059753041 404.6732270643418 70.76251793992017 230.70518761503624 484.1600755768595 213.58332364634614 72.87371095606747 146.16589523570696 476.60500215199136 
614.7666855933329 282.93500233771454 282.8001407897717 137.75116878008885 213.65135290554204 320.00581603320285 82.34957723931481 181.45935016836057 169.96040244533992 255.77214614979437 
347.69696875216187 613.7701942745681 439.58714090914583 582.9202228380516 203.11913450703054 459.0111813825831 486.62417051303066 316.749973136572 110.2406137569709 73.43994197760588 
474.14005856763 376.12190345832704 423.2817084484046 67.51819153900047 292.2972817683112 339.83130979662644 117.19477650496317 607.9096127714179 532.4051987279801 224.50340209882424 
472.28237395890727 220.29572434509234 65.50189592205021 480.1032444154382 48.89115033176546 564.1032678316583 34.05849517007238 149.1541553873268 435.7751535615017 400.23706696975415 
215.3999242857412 485.7583320977974 405.7222834749631 522.9119401205924 265.43556467618725 480.51355195866284 62.03779597207493 176.67747252626629 501.2938356368031 287.4195234321397 
109.47827058510518 429.72949298152656 31.454312406793797 498.86778943143827 133.2303146183794 124.60185142542451 391.971093514875 364.8088838420389 519.527161721911 177.33231077111645 
197.38130505295447 602.1904349001326 201.49735316770992 346.19638640869 64.89238141129788 390.7600455103239 563.8391380095085 341.102674008056 20.441871532213824 501.32672023499396 
189.9141500755491 494.7437270445336 545.2236203221332 52.57441422756608 84.85444053966016 366.59586821197996 571.2739625204101 342.52170182983906 158.27634802434227 400.862027438529 
284.71169372809715 550.7210909317976 300.1950391119321 509.4510934878055 545.2257285862752 257.2919674030203 333.7335633157823 401.08770645778765 480.4039023531534 474.8806107574757 
478.2200273997595 27.64611674098381 363.4969465689235 439.6413413567485 506.266701805559 468.8019528214788 233.21123363838456 157.3323610128932 128.42483841972552 326.0956173498297 
464.12405726976914 250.62010142679682 289.0089185625617 247.5010152905684 446.3153073503403 403.6857987854402 406.68409701976987 153.59340063851545 82.80905138733246 250.22811342428864 
543.4105297065705 286.41016619806896 563.4191269639674 100.95541900088577 235.33839101827513 552.0981975187826 423.5920829955313 256.6616560818023 269.2474338599508 578.441539485476 
446.84158764628825 202.97941482215072 38.12456313302424 58.363349813710656 519.3678150358048 332.90398517762395 59.473503659229124 300.4955705541413 495.4556559042084 593.1821779090675 
189.950002027307 257.91024268274487 482.24551917481205 200.659641408499 419.9165941690328 256.10630168213623 302.4703952400416 324.6804284327535 481.5104630865948 391.3453455671832 
443.7529702608403 381.63256012540796 53.818315719887025 520.4303786630187 353.0566545304666 337.7332743579395 298.75183466818294 513.0211522287657 284.88402362021435 566.147880114357 
411.21763822509644 187.57983254382088 461.81662923529086 554.5357931915506 417.1754519627956 302.0408455377814 455.98994224893147 309.1175274181037 603.178116870337 120.29857046633204 
50.096986981983534 51.356560880635186 110.98736526985451 425.60664677755534 586.514594598929 553.3495339656833 380.8589850451192 601.9826694889971 563.1459464462846 608.0188372869981 
77.09120952889123 154.71197016472385 384.5732145049465 280.20110442078123 79.42994017253474 191.04433480862673 127.11393848997702 134.72549317515657 73.9248405099913 532.1772797672847 
126.37505852811053 587.5754714820848 226.82966267042465 277.6197414289926 545.8981401284648 276.2277636502385 575.140867303374 193.02981422331044 435.48977743195803 295.26244575830253 
517.368144039888 42.62048658505482 537.8306801624814 293.33762688014593 338.1306832471029 337.22686186559366 451.95747049846125 177.62275409516195 250.1727212631208 119.12886302919676 
112.21062823263641 321.784062911841 387.3924915015951 554.7229751725292 91.24260596833561 523.6161171805579 532.4778666844172 256.1369040056337 185.67972706366655 508.4129914160776 
312.7429184692288 202.8808429132885 93.03157961786533 124.17306195750054 147.75873784467953 284.62911497637765 138.44185448734459 524.730955415805 382.37247880960257 236.2259228052966 
159.874085815832 586.9105090779991 388.70843809560705 486.00900385746627 210.32630912136324 357.79257334998414 170.74467300337577 388.5448391543618 285.6682429460176 78.19111304614025 
555.0591444557557 462.86932482883776 36.694736419909376 278.4317728838621 601.3389990966378 407.3274873629286 173.98940614005713 192.52628799513377 616.2468210765211 412.10612065447077 
224.1918962616071 286.8367125883899 104.23754334967902 240.5530017686455 46.26285060492268 449.3231023826109 538.9197999499925 300.3764785761695 66.34011561263455 535.4684943067949 
188.55545824419903 75.81927835921319 139.78004391309315 516.9748146164068 179.29107239648525 241.90001319203992 98.97756484581579 29.32361703447604 329.71507303909794 531.816477046605 
395.5588246501426 264.2951971323238 40.334322624188886 578.6041701969726 195.54018337210036 503.54012313839064 471.5638916847049 302.14407881756625 36.047196847103564 339.2966086907404 
193.82375253476462 162.61323028572593 102.18746469080409 178.3476827850916 43.33618752280242 551.4718509179143 332.6709950074636 575.3118730065951 67.21758601618215 341.0810445110485 
312.771908633631 491.36113825014144 391.45845852299766 164.04439373520572 63.225200681722576 124.45976254706697 595.3853823628981 543.3675860334603 583.6522615018833 307.2180490210539 
126.19861341534047 144.52958677450846 159.10905811100906 218.45442277308257 37.17910964954481 170.55919756328507 588.3505038637225 104.55989347693958 483.15883060465785 71.21075044299218 
442.40496658801294 256.7583926078234 556.847875240117 487.33261943155486 612.0525547190446 240.35695843729488 599.6123178543722 101.52245658811401 152.8010198951317 122.07940441651809 
70.29654142042193 216.16269547177322 185.9528216720711 191.57712668630631 405.6836553450688 429.93024259925517 164.35743868899067 23.211048434136487 256.1879624032413 133.87397575960625 
361.44234230179967 274.19823613723963 30.372994799063264 298.1539563815589 592.1166141993905 565.2170200090414 431.8890706939695 170.53590775646663 324.14084306574387 139.56435485373885 
222.4239850308668 457.73491548625213 88.55703593393079 346.9592223538455 394.26064741384016 110.70188854823826 47.77241622362312 348.08569029608736 486.03541945319984 384.94677757943845 
129.8907859935788 385.969595163372 525.2908704580566 596.9920217169501 287.8850695908584 120.28231607671403 31.416699415870333 148.05021612667903 192.2050515043637 70.66569145146181 
62.5726360184762 536.0196101378384 215.41385854923092 565.1715955255387 40.18695691532393 26.891253771864037 317.447069549566 539.9100070769738 434.6245417121424 206.66146069771753 
190.0879892350108 485.99939594247337 345.6179841963622 584.8434456353551 569.2531170401226 189.91304060723746 161.05575930342775 170.67183553177196 373.6814235179776 63.31507118533522 
427.72094789428695 493.0937471285098 78.62105825528047 608.4801237520926 217.57453326923695 485.6402867072315 283.1074909206983 115.39009189376881 223.17674913667042 207.27215122120487 
179.42666910056528 436.6020268388658 365.84047061015843 520.2931195440732 183.357002328697 235.98058709972756 450.11021288903635 396.4251175141036 533.7838409010797 257.3892275695723 
548.1605906151258 272.13869467912355 420.28032593739846 309.43344406699623 347.70801266713454 224.3326366534709 547.248319513306 212.35006210741514 447.0291748127241 487.45639452997455 
193.2130543969307 303.13633739866737 330.6803797896411 583.1691759576987 373.86542231990137 245.0124768606336 509.51121594346614 83.62941956160205 267.44553584603693 437.31142366201874 
258.5664407090925 579.5083229712576 611.0613352464823 271.88966259564825 536.4697833477707 173.8213115376763 326.5360587287241 232.1527417639269 219.88344617160632 172.67111353502983 
384.3782177881625 580.7893250103424 336.63704995978657 593.9961635234271 264.46788261862775 332.30745765761594 531.1196999804088 265.4182276573064 122.05307581271228 356.46682869594343 
345.5290747843796 32.28272674643742 317.6499228261127 208.70081479994266 50.57115607073118 546.9858788418625 319.44038872929116 33.62195967764672 109.20436320902132 60.6820700985433 
336.7612899537867 437.70480377026246 307.02192976523486 188.46540134345992 193.2784239675299 577.2395524031433 332.8661559767508 169.11914543635686 298.4394564126604 257.65065386888955 
143.26840581523075 490.52671863505793 125.79937734776124 590.2737531912834 394.3084691719485 301.838093277527 556.8122957681134 302.6849991736542 374.4871801561572 183.4853846326967 
398.6832186429931 548.67618389143 22.205898629969493 396.1411592526326 334.8737669279002 613.9698576353569 161.44673255930294 479.713532954181 116.85530938784956 63.76767941807276 
39.247157478195874 223.47152976674684 155.70345327856862 228.2263025127133 398.56284359082196 378.39455986797645 222.12770799786117 471.95394337752316 70.1123870416445 432.8398320608146 
113.52973772322119 443.62195578689375 616.7977603483857 522.6213755294299 96.68438124617434 451.78478651056827 114.29416511720774 296.5943746687662 284.6368237269928 63.002147093462284 
501.40309756443145 308.8386928908925 56.40995105876499 568.3572921679028 283.7623412566298 258.5352042662892 578.1154369673546 314.4648946339102 324.5065679533181 548.6288133735919 
434.0623923705553 245.06257354221506 205.47255153672194 584.3718135083689 326.4573551107409 549.2795605452868 592.5423406367173 582.8413250436536 552.2893110035186 62.67638640747868 
188.71854245692077 614.5246920805768 315.99357349051826 617.1493729529074 608.5252198722162 348.06644060101854 286.48811002081 85.79348560674151 257.3282011461752 119.27060026470241 
357.1763436147621 618.8175777776754 449.16860385199834 495.45219422833 317.50983445054857 516.605586707613 346.70331423090533 56.23155160768121 494.70490121955487 136.01740358230077 
56.8461207535895 261.8652782527166 174.20675249378206 176.0233306864533 165.70321182622544 30.207580689743278 157.49491516024764 238.76574557910052 546.3970448606822 593.3957118454541 
365.8237402718567 312.14177331399 223.37193455221413 555.353273640039 348.49172419590815 170.0006537359984 226.77548828368785 221.20520317870438 504.23337623587923 236.04973451848934 
120.50936613971845 219.69803904800128 174.3273750780013 407.5625042813198 37.54331016549138 589.7193615015252 316.0148122934943 84.98286914568361 406.08602317165634 52.010087978004286 
614.8212697183227 403.5189395439989 100.20680148693336 137.16344174041822 244.3763545977534 212.82051722998114 498.5015600743453 391.00420802393955 232.32470306813173 300.8336253030319 
284.39706947610057 428.44215359586764 140.9218746974804 507.92624884034313 171.68708323617295 156.89330905196567 520.9091173648981 327.3786334211953 288.894242320829 440.36291375644987 
547.2608230613673 538.3322152595335 106.05122507977747 25.283655694814282 195.39802357282954 567.2906866914931 137.4953466629235 299.2030732019676 266.4621891926241 224.26720367873202 
604.2698752697265 203.4138715342699 320.24273753867794 209.6711094341405 189.72606798046826 370.62075749739176 124.35205517666215 138.02845352203616 571.9197791620657 308.73773732356625 
178.24192639247323 174.62949725512829 366.396058582099 201.90951230259037 20.65494382748772 531.197310396778 62.95582021145592 449.8506983130804 379.1047908496015 416.67119090298735 
89.99816425215302 616.5967138647095 369.97897484384987 589.1984360377055 90.03207127251684 209.76006726827882 307.85803093572133 605.4284871685286 439.9513504996259 261.3856863786776 
432.6446456908608 613.2029721060345 599.6665387994553 31.499151167682232 413.0966532490478 283.7355644758147 422.6873686440708 105.4415932710582 435.3575367204287 229.37532256724433 
512.2497832282612 506.0849037198448 35.07836495014783 603.0472170416812 256.5811304460012 592.0210979369033 581.7245873729818 125.4637468725951 126.89716967231007 462.8195194417465 
73.66185399258634 136.2012590230059 571.7249566846875 142.4457089929873 252.61422509243116 414.7347058298396 191.14493221565758 161.93562508177246 596.0887812508381 67.52477299531515 
224.5464269920965 112.4189486282231 96.36025307705677 127.25087522651005 335.4899311046172 289.5853679006224 284.6094800751155 460.28402841913726 227.27010363422394 300.6872769960315 
108.80941192969722 528.4930551935465 172.77324141842251 55.17311917820032 423.9524482097332 501.47819973420957 292.2228923113575 310.0446251271718 603.2127806101329 565.3256668552295 
