42.860975967552164 333.75318231492724 283.91710668503123 444.1318282735606 508.856086596662 225.055538145212 86.69804982180817 273.83176393186466 41.33283592571373 349.18837916514826 
457.9597555755026 439.5598862596488 94.69372486280913 339.587090008846 261.6088612888832 227.03313829704834 205.76020981579995 103.90054573739981 432.61868190921587 102.74117808475651 
101.87411037807458 61.98293321543529 358.7054230171112 442.55405874538525 200.3869279043341 92.16804132313271 232.4938616137684 63.33890749318765 438.99016123915914 156.52909741896642 
376.12568244358056 90.7887377980574 501.3399312412323 200.82742304613586 165.2635700847401 321.666650001654 127.4288178267932 49.852848462186564 304.44412910080746 363.6683050171175 
323.15819509815833 143.8590882042811 330.7328703216252 461.10602699306077 408.56408376488304 86.79731156755176 347.634287117766 39.61752760672037 469.14974309346184 102.05084571338446 
116.21018150579935 128.10239552540884 399.77808492307963 116.37425646093557 255.35939433372766 441.0895560426953 355.57688983944144 317.7398823144726 428.2119913504572 29.738684240973857 
49.310343903156685 157.79496619700282 16.591159991491235 34.678862368525344 459.6694997703864 394.63257592677945 410.49571594781145 198.88741635395607 139.9351992286815 396.5792381150217 
164.55666433993787 423.81227057489406 441.4664223388781 52.70267396182514 398.42062143187593 276.9407669796977 91.46717924817459 260.7425281009848 443.0134113217828 484.0181423927346 
189.48507005274038 88.167423091354 359.636945292573 64.11883734469397 312.09472190723756 327.0612120790083 83.85242631310496 390.77364771926676 40.219090923863824 288.54190006358124 
71.10309440658729 87.35596333817124 348.54189393765364 307.41595355613634 446.02957400329774 289.930153204633 421.46416140593595 52.771495138975105 282.430983114899 435.7652185927168 
85.05821004629709 365.2132256493266 265.82493622795954 360.7168370325539 169.47192589811044 466.4424326615747 115.55950017112708 113.68101151112135 241.23670484075475 11.884961517583772 
268.43035033756047 21.322280300551324 269.932056737582 82.07051875564858 450.75608593423027 161.27980231646654 418.6600004466291 333.46626986930596 390.8650447719516 27.054284594190396 
272.7824309557779 154.46791125672885 48.94645333317875 292.7789811036505 446.37455235574663 297.2513459300047 366.21940536832847 211.0778077219214 130.84742752345488 81.18810186682411 
160.372411625403 302.2138063095142 275.19301017533786 388.5275070898831 419.22693573258425 117.73096918174762 212.30438606289658 298.0489726980721 369.5778637295359 486.79255633846935 
170.82477150928358 327.38726009901376 323.16417698076407 278.4192184919763 236.97811154321045 379.73399053476544 426.7228243955459 337.8297118044051 455.8345166298819 115.61859725050365 
68.0789556543595 380.08767011134387 386.4636074979504 95.47155744020374 315.22570880671003 249.25732857635478 50.4290033369073 163.67341351822617 390.34660590686514 76.27146711277327 
338.07686267641964 169.79240222437102 305.7336420189788 493.7145308474078 62.07191711299608 247.7139589674437 413.5543708525638 190.72433379824733 472.6337693597509 498.36520276224485 
246.42088236998876 216.21508324867327 173.9268771581956 46.73749407638483 150.71394954992726 63.62525392486206 506.0571845176351 68.91024917293164 339.61545198998107 195.39311278881092 
82.12853497374283 509.7790473859373 117.80213374027875 290.3632410144481 294.8121151792461 337.1912931459496 154.75385893062582 122.32702159732311 231.88185117674857 303.1923239062308 
308.62956786932875 102.90030132959792 65.16904664481399 308.0854530294993 127.66389228530261 146.9413930312207 102.38939780888572 88.00866369727211 281.0376882709401 143.71239207571278 
316.29532040558814 71.73134976936545 296.17559833425344 441.98712583835385 290.60695063469177 377.3742108111144 104.42369622679941 382.3086691270034 147.1747443114169 44.75523900516087 
22.060389285836195 34.599680893406195 143.82699517516667 224.06517711156252 418.59373999063934 424.32870762676896 257.3552226443939 166.5753591160413 449.2982287345232 155.43539952836048 
191.09058233563002 488.08119724612317 353.94419774359324 463.2179823093073 371.52460353895964 300.78437973189097 448.6729944184829 355.38597913911246 123.42709031829234 434.3168753530384 
62.97104285423077 124.48135049842512 337.91458356097377 91.60997678701054 298.69589534216504 139.87112469468372 72.9223063267637 410.3113707665 113.10740692727278 452.51475757467733 
150.53279983091883 25.453508039277086 352.8571258031145 370.7092234121322 440.6144741599211 354.0762052592697 490.8891730029234 290.0150121744318 145.22295695433388 447.50685238470885 
443.2055067285624 185.566210235223 23.21860199306851 382.00110928348045 467.44883360010743 299.96767209895285 119.55316384812153 283.4473719892439 270.2563713668265 184.98256078692526 
188.67878075193943 206.83805249593976 75.33731930567882 380.2131564175049 126.53237242930892 216.21091900663419 29.227505343714924 136.9783857187019 350.5486807176049 135.7633803368402 
446.6740326028906 220.5908341700224 192.15490699039384 67.84313647690686 22.603249117352057 449.2366599842062 491.2002151864171 398.518060387166 262.6250459609315 252.66135416496144 
206.77316994295086 136.4286622499102 509.0266995014911 158.86456096035184 483.8602333492465 55.62604968066736 64.20931144862794 242.00706313542747 240.2984307972407 238.09866434232902 
38.520028883766145 189.73297874569278 463.4754025774963 236.69084630033782 174.4331016644386 273.11051597887155 31.22977660891967 204.1163836279139 24.032985468816648 127.39407570153188 
496.4052167859576 458.7701023248136 481.75253669641955 376.81117866319187 399.51112331000996 83.04079189434209 299.31945906228725 261.577055423242 298.94311224605605 274.8283614546314 
334.8641933868711 50.340193414081185 333.2164704633567 297.96848820129077 413.14218317621726 146.26196605315516 254.6656796736173 502.26796974711806 298.8239123856637 419.9332993158767 
499.06312004379834 508.85359884643293 409.805584631691 427.33175027656677 480.61007317398924 281.5380886793956 22.493724761147853 296.02187479829996 426.7531758957262 429.90582622567877 
346.01676203229766 187.80227005466327 192.27947075820117 214.82179936363227 467.3167975858099 371.002098283797 117.143081723164 352.06670246701583 294.07453722904665 60.63057804056486 
117.47673171647942 334.80139849737617 247.42066299228426 309.58224562193 324.24125349172124 120.56387274930451 81.38667290899409 359.10128294158136 208.9660832110573 153.50174076265094 
331.0484215006281 481.70808333262573 261.03398133106487 317.54353869118955 16.31526003287375 474.7909827506485 405.9630558804067 41.21178786129547 353.31822136537176 88.0664582411218 
479.13925448591175 399.78106553541716 350.3501000330852 293.11088133094444 194.4524039592802 185.48421144964627 290.310712193832 428.16690096538343 172.28890047102246 41.46965254572004 
226.61036116881377 376.42756227665456 216.33428186075443 380.213180357722 244.48472988071688 61.0014555975386 153.63871432994108 432.0871224956254 364.6742370920899 164.76176731298142 
177.39848723047186 394.79019425717 91.42106012212224 108.28259029301061 256.9067903390281 279.3409457331841 231.7368348674958 444.06542882985104 304.12675929720746 173.33816866894045 
237.8943438388527 450.25921484437936 411.3399481233669 267.19122687542966 450.0961099062946 332.07674420776743 99.32336721305067 114.02350681507782 241.2731133331976 64.11087602048693 
140.50826436041635 218.95199313398467 190.9669111449183 31.753429771557144 146.57365683236577 178.44636320559496 40.247903299807255 254.92004498911157 234.92780320366455 215.47040801749372 
304.6232817541347 102.28403143742375 213.53082042514154 81.10908033397972 46.88754472408773 29.222478196757265 348.51137033764246 418.3843090169457 436.8687359821218 497.6774596913755 
404.03077384073094 308.96262339268844 350.0235932393407 361.1358565965264 268.8474806541003 348.4577451736282 381.83473192357656 122.93052910689899 109.035144847272 221.03127750423877 
279.9628286127131 101.06634187091616 111.307386812446 368.99464491487595 421.1072545331827 157.7737445457476 506.4023614709178 478.11535042287124 84.52788868989118 276.9934557061809 
186.98027671786355 124.3306923887083 399.1815498616283 397.99509934855666 359.48694091771404 52.57210794948618 466.42604897441134 38.332950567424355 294.43657658717655 183.40322230755157 
285.24493228307966 364.3420904062509 364.56684124238393 68.1747520700533 231.9461664680375 492.3778396124852 185.31938567948873 138.39934564259204 471.287772747528 429.00181972708504 
297.09891674221217 220.04957220265192 300.98364248588416 183.31759692048638 453.7640017134089 408.4820863766337 56.54256747517188 209.65920112576697 206.8026149117707 24.69117642088613 
328.3936242384131 463.8354349027907 99.64566735601947 498.5947416570058 368.25114297219005 481.1333279140202 411.5716281111318 150.05590323651208 186.67222538817535 509.283684973396 
15.655295639720503 463.34332006220006 468.76003089551654 354.59193826264925 40.21384639956742 75.73333571018131 59.96597047226542 224.4373969627672 148.20344625314036 325.9571064110111 
398.9438823814582 474.344041565043 374.019287434478 333.19587691210694 399.40932535474656 292.82596728530154 82.15239251862981 202.32737174063058 407.9571043773794 482.2106126698594 
237.1562455794205 76.1266065247802 489.79027273085353 118.64292624558708 299.3762827816312 380.1241651237615 419.3135130854867 499.47348436805066 185.89553728665612 230.8250572345785 
377.5441897280041 411.23386585700246 361.14942228895296 102.99129535817052 483.29420940968123 376.40226304558666 246.66284647950718 476.69132441948796 410.07567370104005 162.16248954620693 
264.36275378704744 309.81940194583973 465.6835609214778 459.3595170963246 452.9192407150395 306.7881179774593 136.4085881678903 264.8547427653274 221.5683766528078 79.09709673526787 
222.83322701505725 125.48393634651266 430.86977989597403 418.48106549449165 319.16421340165647 26.821147446421993 114.85222749146489 28.340358766143705 13.054439592998225 334.951689733634 
284.0002510594396 184.15708421321986 307.86754265731395 324.4571801107376 373.53493337745454 418.59993272194345 394.338259885916 450.81595516256056 26.44205531960069 452.02090003310116 
23.581623450191426 150.42183146850246 25.700662649611175 214.0469135296754 358.40413550626477 76.42445390095253 315.16519108480264 426.9696502122671 304.8701413266128 303.59426182757613 
173.55426755862135 346.63645377683764 451.0764038337246 160.41523165777244 230.9993745274318 381.5456927056188 365.0880486863181 471.60858583857123 142.6063797653204 435.84955296739486 
128.98905093126788 119.29047400336827 358.48325632829267 446.96743959994325 111.00032433833806 455.9668275546385 54.686797691249005 213.51305155135464 102.61855090326154 227.56851631860658 
414.54184272892513 234.23838973469267 72.72889731793657 289.72990051959437 74.78583417063282 403.69766208987966 415.6447819703145 25.513917887896856 175.99196070437523 35.33428227733131 
195.02766418410442 497.7868103247767 81.72396340520348 307.6941753916767 10.640164547191846 494.4456932683636 455.8758454875184 354.468300472735 239.88559607231429 249.7019492494687 
12.649405868700494 344.06778574130806 31.08685368573282 249.6237046604563 378.62294357719105 19.434515556446698 50.45809569002034 155.14048671018008 131.36402741537546 293.7905538458768 
109.72206411386824 500.7130848948382 204.03973378974553 123.02935849024331 426.32633230870977 451.8719113981415 470.47719123933865 500.4519516207315 393.21153904660883 29.826851223034513 
450.127756343833 44.55124990517194 360.0847819952147 336.3517362808821 197.3878569826828 275.54755214412586 53.151173944874664 437.14666893364915 64.7296897909324 301.3784068785091 
385.2568948511894 186.8812211815688 154.09475935431888 258.8458983084447 33.396649935845225 404.12166421130985 396.0036210779457 480.62465890657796 285.53883338139593 429.34535507997697 
320.834684885977 483.83339743109565 283.72135629160107 224.24542407408427 211.72543051076462 500.87350776671315 415.3714272771227 295.5288559912225 453.54895485879086 398.23741691370964 
229.80228531638252 351.41109770768935 17.41922828887315 453.9902412785679 381.8401248226053 224.0103411591584 145.17790950949743 89.62748036681194 229.53416413807702 215.84459547120392 
423.3160400513708 277.01218664644017 337.90320542006384 153.63461913566127 60.78365801186635 466.09457537583563 265.67163341412856 57.615978706541995 310.1405067411297 504.11712945964996 
136.94803344122712 459.56313727342047 96.50085208948671 142.00861388666962 124.79961078761181 27.72892486768729 43.72575152398616 348.669767965807 98.67543908702069 281.90244679648924 
212.3156061944924 278.85401913371 312.6317385106313 306.7883462007857 488.4564025870962 365.3463702550331 136.31226723361317 496.9109424936284 188.6725754280971 131.14337578047923 
455.6369785649824 491.246046491096 69.53969358535932 442.3375561240419 495.15201603372356 80.78363489057254 56.910127873002864 47.40928110855457 438.99429940071815 497.22467292182984 
134.104705065845 373.6291626418837 352.4236211525444 116.01501823115461 453.5236448652962 176.27429667196668 30.875569776622026 231.91962404346305 361.12971334260936 261.3612418461281 
28.488337209506934 190.34016465244906 148.25693802995968 127.59901159294117 243.05645481161991 282.57917834913053 470.19773995415954 498.265194294776 59.364764854661736 438.25388436645034 
496.02187621225727 338.70823612543234 177.85553403925934 373.0627354226854 479.0801266149221 80.1790720015128 380.5820346555466 475.10797792531935 62.64595780938153 395.6953143105801 
111.40153343183655 337.9771286812292 260.14825859529435 498.6408980174005 372.36101740937994 473.78669605419697 174.44818985552263 59.80458925170189 63.22860806423668 364.3911400972735 
145.61348495905352 463.56022245113746 16.123803024450538 133.9602468641017 141.6430242659079 248.89197258004523 102.19985795671242 251.12807161421162 331.59509782238206 205.96772493807885 
412.3311462221884 293.91648083007146 405.57234751452296 223.96362183659272 138.7588871067945 435.63650364026097 331.0164265138639 110.84300139376 409.6481733578507 434.9706529517131 
359.76572863647937 230.79278164927223 453.50952119433435 38.439140038036996 225.3290876136448 430.020434469085 95.43811566653375 328.4533924813175 94.82869831232226 346.61471792505785 
212.12365788264668 175.15975823621153 465.0653722453051 325.1731961359526 397.58425892431706 75.27666787799575 317.1591894194368 281.899793485735 216.57719383639693 286.12834269435115 
469.2187370928331 490.8753935791925 47.63990463357181 288.0780487363489 191.49205336887803 387.2046665208781 142.7141439402336 233.56430858867765 273.4523879668263 107.7423099660365 
155.30657742572333 165.94287353419094 357.2718124151053 115.10160813275088 14.138844684746235 416.33784179578385 477.13604905218034 375.6488108736411 144.24025888934023 211.70478886061144 
368.85338344301226 187.1859650501609 162.43628269794257 152.30937380075514 239.21086195790917 377.0258381435648 299.1858154616125 341.82417956193046 309.5310749807643 216.16168182959206 
423.7205744992771 78.24721015614904 72.88232888742095 20.23506939429647 174.43950489922065 138.84493311508976 329.39562274515623 33.00505763225846 321.5115266957152 317.3232268101551 
189.14143031440892 313.02162025725573 113.63962465853011 496.4291470730008 357.0193419505859 469.20654758727505 485.93938465325095 164.18674978793544 139.11389853790712 216.04498677664913 
130.88528355865952 406.9700962315235 234.96948206332047 344.0906795214599 59.27762435755856 37.61651019272637 505.23759123715485 326.48802308221843 403.18334515619705 141.78325462710882 
29.149594011250603 407.2141568362848 337.80394020067735 450.75076020837804 391.2679538504009 141.74408472003896 124.22339009466236 73.87545804678518 261.9691743447433 485.842054399716 
399.9893653637978 248.89548677339812 461.1116415581614 153.18228176201535 469.48088741851944 393.2921958746134 319.3412622483373 87.50212607939643 471.01539441098583 364.9107862564327 
276.48828969506155 19.99088267226683 422.6484891700633 465.043028549323 281.508276250635 207.61726489536358 273.6194098423612 342.17532190208993 183.42035435916438 73.09878324872575 
213.3954072909875 79.60514180900057 427.6959527966485 92.21605246236696 115.26810340763426 375.1289497287825 497.55110144988345 399.17518592627084 116.4549585103094 346.0049594917315 
164.59539785847159 205.7214759528822 461.65905981806503 117.39341974633099 238.29078511267164 254.7073218033316 362.0401840863952 477.4780197831647 128.67327766130975 153.81773434972501 
246.55046932923184 507.4712158232644 161.79079579836008 60.15635322770545 407.5876300847623 219.70679081074235 212.31009264551287 311.39521221936116 167.91898782106045 362.02260498433225 
342.7460945868205 224.19137871049048 320.8292993675293 171.63681674007603 263.76661289570814 405.5735129724949 220.44568104517953 486.7206465437792 55.025684180503454 48.00158114632779 
24.192600205870043 248.8707734156668 210.97850111406407 303.80269689825553 214.3301163695369 54.68449262521823 201.13126185417133 459.6864411088569 150.5285262087602 39.64084705319098 
359.17888844439796 257.04254143275995 30.432538690341616 502.4907155724916 40.48387927218488 328.7241828594476 260.1679595345978 303.35910443251566 112.34926450028448 348.02005835533726 
361.74428324823407 193.76274048261493 466.53891837243566 110.51824072766158 169.3060340557629 361.74603713066875 368.4983500463299 394.56501831796805 191.18618320481517 100.33855794945018 
82.72899216144468 71.0218911497647 139.71465905895397 132.53723881656998 338.76920937764214 58.023672697741716 255.73513216701636 251.01631841204352 327.2351243232049 341.4410466400007 
179.78318485485016 55.76818207991023 40.37437515478847 406.75054238717195 246.87889479156965 197.87828121949747 396.5859505967367 53.015103661206645 206.88718422006644 162.63716557469482 
213.35918313462625 184.6784039075313 497.3988264681583 250.19277941095967 218.0851095604211 301.8759747799312 321.08533849553174 36.94628619112921 411.1932162141697 34.96633500946338 
404.48090813789304 225.89426354066333 221.06675204259267 193.98519707263705 440.14444696774103 419.1206858502973 15.189809358717545 428.7259203437102 339.1548317515006 470.6415996366632 
156.97910582846004 220.14923226698596 45.89260796165461 202.8057786236982 422.75379795346737 48.82555387202069 292.0611624442579 394.4543642482371 218.29627820257596 211.11279843072515 
291.9004859635696 74.04269287093062 159.4572674347462 378.7729311504973 505.5467301645737 275.9273787258214 206.25809143589223 122.73040829681736 222.49067594983245 43.021827812687256 
164.943516542405 246.67555639673614 342.0880682169933 84.02326294135436 497.4380741519784 401.2160285431386 353.07527295481196 118.41446120912296 502.65909635763614 74.27950648463143 
139.04299185188296 67.4431909882498 59.13958249537287 178.47077434506707 361.8215090423927 374.28262048514506 243.41399590672873 81.08619482181172 299.7303206270859 361.5757259264235 
263.6200846296781 47.488851542509195 142.6455061097609 159.56691555411044 272.76995570431137 193.5473623524183 370.83772591509677 363.02382670462845 251.1434483779184 167.8415340798167 
469.5342078534193 200.1526425390251 272.25688315904904 409.33809079425754 356.157662577562 121.7098968749386 91.86049650077042 451.2393145543354 22.195382864011616 343.5139087967955 
124.4174257211501 366.70808025419745 16.651500291105894 500.5590725397674 496.517609820539 77.1721421919087 23.035769630472984 195.93595433417624 491.67961609000474 368.9109118250362 
406.84168688641745 352.7605446404544 325.9934713231362 88.62783393101309 235.46737462937583 402.31553923025336 319.0577422188589 113.71150005480806 397.53211878924395 466.60702362083873 
149.66391771045033 317.8885580326872 73.54184526837697 318.5394901977205 10.681207423233465 377.97166450801274 434.85658072754813 27.912387444012246 102.59495428245995 392.40546844735064 
72.91301826660195 326.44137275533615 30.151645088700764 407.3138613969594 285.6553627382498 350.00734532418994 291.56386981915733 70.7515085649647 473.12754288913027 41.33630018743122 
174.72805328472913 260.86295234864724 19.17993153897001 121.31334441640483 499.90845518757175 158.65223161163183 161.24367961841833 162.13379360879208 273.34012437324003 361.06620774756755 
475.1258164522623 420.4945294742222 441.20440390498925 255.09483513302044 226.77820348214493 214.0288682235617 58.42966902903867 498.5913025105578 467.9935198925242 249.18784860773158 
311.77079407553055 78.51531643235708 377.9813710592861 433.77120794241796 461.62019055147425 42.302598591641804 477.77763495481514 332.3112418118801 392.0037075794411 123.06370798479304 
469.4401709565469 47.512402280997726 83.21450888449004 104.3153901166 76.98406207216135 435.9500650020506 446.5379529874816 394.9474636086608 391.00949640199065 191.23139827646855 
85.52066903835325 410.1284128957832 343.9753284666377 452.8215148635948 173.23697043151475 478.8529469648467 68.07160130902551 223.7380519382483 260.00573530700206 123.83436127014012 
12.644043921839978 505.3172445051274 451.0107880461272 184.44513041769804 323.1236349197813 182.25475315584148 18.277981645781416 378.4086320825863 108.41451150319853 316.12410658564545 
136.4621603664483 22.945284465337824 348.6932289508444 130.57626189953268 56.8969752953769 261.0761057849081 320.5724447973597 96.4229829372803 159.3608253522296 263.7868924326747 
41.58234213231792 149.8075806252933 446.0119373568468 503.7561099665253 360.92274324186087 201.6657565630364 166.94583160941178 321.34966004194916 448.4391199963365 221.68002307138423 
391.82813817388416 128.58551687633584 58.77556023838825 304.93045953712925 467.05607364491976 221.77162358610485 72.6579226519396 254.4453565120754 422.9014951603717 298.51986690422694 
442.26026544355517 337.8544515216015 20.08888986836476 399.8394647384049 292.6075093704305 501.34813295247983 250.2611979845854 123.01279741902282 55.96776689848847 449.1457741855383 
229.7867866705876 75.95684200848683 141.18722724432058 121.67605652760204 51.36055855043236 168.77336345564652 264.92077948999963 230.67269270275293 282.85236681014027 463.1909064829206 
196.71152056953306 134.38853984250113 427.85592558824106 425.6017233633645 294.8723116895324 461.1312119863961 287.39124231557804 54.39694597091476 335.1223921471267 14.323378473054252 
287.2137420861996 477.3027759078893 258.9322625364687 117.29085450784164 460.18321875091465 239.4211687310413 93.53002139550696 180.9815473526098 398.1457269359899 127.67796861946988 
420.5220953381796 402.8185022594621 112.78150870037156 502.3815485478837 395.0816398559612 129.89007806633776 369.8721770673292 231.59528856283833 442.6577184719818 44.680373641810924 
186.44009740700116 449.0268317414457 385.1583176395213 456.5431325372762 305.21339379670695 481.13730514385446 373.5604131015176 107.1221240993404 85.86926429047381 414.17369493344984 
128.90008922353718 22.921179971816244 377.5092594673517 396.8273729862659 118.59596054445913 73.22707422994412 61.81915231061057 399.22200514175256 420.0590050907391 16.58824353701265 
81.36688614932896 273.9339539003901 148.54181655463637 444.0525765441968 392.49154536414414 89.74820082932598 451.18050036626886 152.36735460546245 407.23645933435256 333.85306166900995 
194.18244055200623 105.3444575443554 113.77974568128961 203.17676038019576 95.11272655010261 266.5940543802666 189.81513878956645 330.5688482769328 177.23279842691446 211.82966550828152 
48.33653259567282 416.52989583807374 47.84408848873405 53.94810308755937 380.279117153136 362.1922533531178 127.58993833581299 339.0869712413841 383.47031817161695 124.25527446730143 
82.66892325618312 196.8632439997023 492.34379529345534 137.57789936459574 336.9126655654642 152.99580002767757 47.86936185304474 276.1319208730056 165.6812501638144 137.51511542140008 
472.1521452124863 448.01895316540936 498.5294319496312 346.76326556047206 137.15412981567414 45.25421399878908 182.59667758064273 242.38730691344907 241.99104070110127 94.02028545140949 
83.67425729903032 95.52922331346969 138.25784745128132 76.09401252957048 26.90241068477022 109.41551132534305 167.83590964900878 17.14958911949215 204.05082813086653 278.5495333420738 
202.6350326424835 62.64094967776439 299.3354383770524 267.70981361493097 200.72334665610208 386.9667433786269 210.72474017033954 218.9573648768469 218.29832647771713 406.6207744182239 
368.6887689718322 19.8551201804159 441.9519578914233 393.03126342519573 279.34377659070213 191.10272524834105 430.6832749544143 205.79189190884676 43.945837599321514 176.78968772650254 
382.1112705616793 491.98784685851234 231.68641943225603 445.47003805465874 362.3414006717931 322.31996526110396 107.74306669318 435.26177029114456 63.938800121566764 359.7300801664569 
343.53841166106116 501.1738786051611 281.46127021533056 281.2307164962328 461.16045662870914 147.8644775651492 419.0052193465521 298.6422717536144 388.89747045019607 456.03281821155014 
469.21773232155937 248.94077395019104 129.8404114026306 235.64858745960848 28.227692598041244 349.9193779843028 170.506147958279 64.22138850219649 35.94934544964272 341.86668906195274 
381.4345944634799 493.3136742743165 56.211259796939906 360.9650855704265 286.7127613741545 331.5002216390659 36.163819671081114 15.112103918694155 204.37901213300373 36.977235817496165 
109.41844519424875 257.8680242271238 384.66050026116216 378.0242658544078 132.3716256144546 281.2329391727084 397.99708992526956 144.5219871149007 268.16687859714585 272.9560537168525 
149.80462551931276 318.72909493365654 57.74777419048992 509.08084447392037 23.930998808520112 238.52126482893382 42.4551562932654 377.4287333153334 281.7578232953057 411.29544202970555 
127.62167396519618 52.72469907645221 468.9010488705475 261.7425759154014 501.6167442327857 169.06788056709343 206.46362815871078 221.6917752693312 49.79511460984126 460.4502035974347 
368.7931913657796 195.22927934202542 327.80204640290816 465.02628266054444 274.69806828121733 57.29505298750525 283.68838760364196 13.837663510901923 144.07467757285352 468.9603822422662 
43.28856016362863 349.6945045432423 196.89934262914494 417.5895058526959 198.31454791445594 346.9178861456723 396.53785583622414 15.088379723939108 161.6191967758994 427.6458422061002 
464.3256531037954 212.4436954776055 279.08173097580084 395.40619491250766 417.372021110131 213.7553879270753 12.56874104514898 31.65939505952519 506.5411730031951 497.9655775691547 
133.4237224005843 426.0144974306138 56.56350699472889 481.48727603309226 490.93834949732104 135.82125367618585 335.23014807993695 479.93574470635576 45.258508485354724 395.8416422467728 
203.62377812051224 252.1659201598549 479.1782845278193 223.7038215268644 424.33908176634833 34.818740712657494 328.2750496489411 391.8417176951075 129.6457277720002 100.57967972546443 
193.83869453355274 361.6232744346822 76.54711260040325 498.35258445850206 228.04816877206412 400.37062444831724 440.6880578161031 258.5518913898096 205.84852570975775 226.97513167066734 
26.064416214316037 471.7163727089336 122.98146875624066 156.81065726477067 392.4878489685869 273.6475705636845 384.62262139095225 341.64792006421254 27.758866579104637 395.2759657415486 
274.0785661493357 325.2733008224248 316.5011761123168 60.45813794624859 15.99688600144127 260.51503916184174 182.61066965777084 139.9078563176268 373.5422273305381 258.3801018038273 
407.2718617995352 94.46442068527988 343.99156204414845 465.00468214796444 249.49524886386985 365.90118847882906 142.2017760584991 87.12165821039646 121.12842381752974 498.47762641170544 
286.40269090828866 211.7479056598747 193.29422958856705 399.4377883337219 225.7686270963134 390.7947892359133 436.20907153136875 271.6585397428606 74.22167926478612 86.30484477170435 
219.33445201566602 376.6504638791587 139.91983042934203 197.01777021522688 223.81486648770516 411.11480341873516 64.88293752182443 11.969002366815575 44.15523946731591 405.25930936090646 
14.2098756703281 61.82373323101053 481.09097649913053 176.07633249998077 479.3397430774317 463.64975073437296 152.6037322905938 493.7861818115826 384.81052195851623 479.8321253451511 
175.03610144017833 244.6488504518081 312.96808622523037 136.8328330485486 291.2583133619931 498.34733859002887 286.07881354025795 374.4984367963169 447.83998507329744 13.145573190806827 
170.29884516535066 321.6191068742293 448.18023324323684 337.02414278986714 390.9531953494274 418.4418676128695 433.54906878415125 287.9969628635909 273.5778319097996 231.841362061163 
68.99332695499831 221.81190729775057 450.1777323129368 433.85124929079296 436.0602462480491 120.23867429185036 395.15421199647756 39.259246554156014 259.2917888409143 158.1468961277641 
280.3545106124477 122.96907625032054 218.44280470918707 32.57760840213108 463.6968696034558 362.8323485480965 223.37621786344008 462.01139735029466 50.82412031944082 378.6535837413224 
153.58839268521427 389.03603166215163 94.23899746029001 463.07140146019 189.3176390336112 44.616990549953485 119.37424548067621 425.01907708842145 486.1892264386732 157.17387700765337 
292.050721566562 391.4675930929567 70.34976547032383 214.66584117448517 166.77645478630055 38.15424032964586 456.04433777492676 312.8892001827551 80.33999541094077 345.0000050650216 
112.58928129700557 248.19025646795345 380.1510400837004 96.91871854655069 32.69394884825043 137.79667600980943 301.7814693928271 475.7212160373106 279.0843502666439 475.9702235914308 
435.160003319939 213.81766468671498 11.382052207184458 159.1842798750863 343.87352543638895 405.4209681518155 120.19118992768873 138.5291348221587 27.02821053922743 195.95460478119224 
220.3470060893412 482.54808364976446 38.123555028082336 195.36797491402152 380.278767210184 258.707703556468 200.39258255027147 86.06223040143273 89.44035730721549 266.70515487036243 
483.06113422566114 21.129926398355195 90.76164150915999 281.8158736760744 227.97951970387746 33.61144990651454 330.07368683403035 91.48459270622061 41.07956875054258 302.4715017868447 
399.4609589905771 233.36294952045728 288.1103409886922 245.99853829320057 476.493690431166 467.99672679106686 259.1053956563061 38.330594131960375 386.29349008640213 144.36585333306365 
191.03496468778303 269.81032231888565 38.38528942620539 241.48037833582708 463.0960539148729 96.872609507894 115.28887036629969 494.23541704908075 404.09356610044796 352.16766539304643 
14.802909477337025 136.72828410551995 276.36570529391315 210.62295603427648 172.93491440077935 421.2409058651616 125.7065438800921 132.14689833461395 19.429901247083592 196.09063483146053 
311.7391943496119 426.67757748601144 442.8511330009572 450.55260595304253 158.19243363501172 412.2794977437845 267.1660322048404 360.0567243334834 287.53405440253465 261.99164697322476 
366.79024894396724 489.86253219640423 329.4140630900189 260.1298070973014 172.04317249280336 440.41479503386176 317.37071968407645 313.7464169660401 441.9679458773103 342.5833267314948 
213.25278862142454 189.9509533041107 306.46905937128724 235.9898600707953 123.81082071891424 74.7941325319209 204.7207200169801 488.62520300519054 398.9108690447341 174.41884323739097 
471.7991588698864 40.95984846346428 425.82360392165543 204.1811456213231 450.4918011117542 382.7510508344961 59.041958028604284 236.44430357289218 130.2367326778953 295.7496747225874 
250.08051638587713 502.7490702141729 440.14526560822975 20.50967639045014 66.7097039591899 371.06331550481053 448.06099478999107 130.50360916080496 416.07786273329657 343.8141087123312 
342.60825633492607 21.747136128244072 411.1745056836551 47.40543002087532 200.18333928072545 51.13563225321049 445.0876271553324 308.9245384021742 163.84129752958503 481.69621309232787 
162.50840550639722 40.740263153810176 286.0317770435678 17.958015191901314 142.936360064218 278.69622015154835 412.1367536384413 339.64408402527596 235.03802630572517 344.60212708852316 
106.76345110933832 166.88795154590312 106.61231934347015 228.7263491332277 249.74545796449564 15.177935136545075 199.6157427607993 412.99278594915455 53.805278972805894 423.232385312791 
404.7005569986219 480.58524268390664 380.83137332904994 62.00891023602339 394.7189116001865 482.66236979359513 358.7227554550625 258.05087517452375 181.6462902096339 157.8863254862124 
425.7544523845671 89.37402987921332 86.37720930080654 225.46832388089558 54.41678571651475 337.0966923978771 435.8463146411157 97.43412208392948 31.681626798340847 201.01633856907762 
426.92815546836385 480.8125906519519 297.6487980149413 312.3359474885097 221.56852334029242 465.4505510283726 469.52580982297513 201.74308257416345 462.600721316429 318.15687913714606 
302.8938195589419 506.0448834344028 24.699654157296017 328.87918165448883 467.21322145276895 321.5621158033899 439.9270940246828 179.61598826332846 137.5217874029692 237.48532436280271 
62.32105334623516 431.7677105317197 29.278630109363537 207.39634374769426 160.98250384406853 352.6293815005291 128.30694909762195 42.15815667608663 256.11257828162195 426.7284899515617 
492.78887220981073 432.3763135219552 137.45325178459098 22.710770704526475 129.2653642710705 33.63503265635608 129.58473987299521 311.4772909910471 69.59441492377431 272.71100588654735 
293.53280005002233 156.27590659566158 400.8205779221297 157.9681810547595 379.1388127315473 320.4500888106002 124.9090627027014 502.1365871046583 467.6460556046751 463.5484529393162 
350.2973871938843 90.67826878618972 368.95512543030253 21.497970769106136 442.21782620741664 453.9434894391072 463.00167923417894 191.54398540624905 383.743727704897 26.3204664662574 
299.70957928662006 367.6602828401914 224.51283069955812 100.58144403434493 396.9726473429691 497.1321486404027 119.08070551503346 110.62861720770377 301.1181088196687 454.0157721858474 
81.85746133724203 400.84272322866633 99.30481689403707 150.17688585250403 210.58077845119203 265.2375571050257 198.30943778545256 229.6119382289431 255.27853303340757 164.62353641728015 
309.1536909313283 316.7548489728768 34.67396385836123 154.98344957157195 202.02580668913043 414.47246183946714 326.9866525149072 185.26344163049595 420.9492692007892 172.45188133004817 
487.0823074692908 47.78240547530304 272.6519958748859 371.6827610632729 166.92466454892207 389.46297771799357 29.089084452899975 95.73768088856792 141.28235634774848 317.08708732470035 
408.07229774134987 184.553744173842 365.6442307654779 254.77940165517666 21.459271689791994 191.41853601262042 18.29584079632678 336.92156200043485 105.35574728167018 188.86355515610063 
403.5105820542534 244.70054959806114 471.7838230938517 394.16821198652747 217.80841994247945 19.494159888927598 246.26940605726244 210.17759101905975 306.2353216011016 11.296773257926098 
80.80198020903688 402.13698456685006 160.61662138794733 245.3885378581862 156.61980763866046 256.2465189910889 36.737364245962404 115.4510670797239 416.2737074955517 190.63873488441385 
192.40281473409132 436.3328454930803 89.42250118353084 414.4825133899502 373.3321052944212 14.66730799315579 201.813310587814 355.9162360814166 298.83840897293703 20.547005765926542 
381.89973413004554 204.51352962836788 24.24853193556286 68.45659656054059 404.5511731786846 38.98453110078219 182.01510610586874 40.66815857115701 36.30626282974169 135.81582769668114 
228.47462371811798 311.3017032467671 371.62366095873125 179.5524202542101 448.20427431990606 154.2541516400716 474.5832799439962 220.42444337406562 92.93082229277371 243.1997576470717 
265.49106222536693 350.0221442505992 156.94454130440332 276.8652613748996 216.84046977998887 190.72196107090173 415.97155179419724 387.78284912180374 48.08374025050726 419.56708759620057 
481.4573655643008 117.72392381004192 233.66618039028023 172.30532380667873 247.2150171054817 368.01701195004756 263.77638192274674 298.28769235630574 230.39085022553957 357.95271039378395 
222.2657534141991 61.930721301628566 433.7009708059178 249.47909208791006 371.1903314881838 11.445481695630523 480.8916614968991 221.39032134776963 56.427948331104474 360.5367536224738 
402.37671329770365 401.2119313904396 373.8241099727322 353.7751522192033 73.00498845832175 187.9857567917204 160.3194499496503 211.34556118319625 428.91115847352904 124.15755264749933 
499.51204205482253 373.8748505977553 215.40278631959492 99.77063955636683 56.107641672278596 393.04214834353417 142.83705805729124 297.1685056210801 178.7109792126233 438.67458604883984 
452.4399641479719 409.4096040029154 335.4112980829425 18.03187452817522 19.0213510903302 290.5973852599214 71.61516012397462 127.98268554142282 242.53881881324773 321.32882908014784 
304.5796327170245 185.77596758032422 105.46359013440909 397.4643917062819 394.09922694548584 209.1104668125888 397.9015698639658 75.4227267950231 53.79927260506516 341.2052865923543 
237.4225671260196 32.2030773811795 292.4893415914427 441.575006261782 135.55099906004858 123.33870041510468 200.02945388823673 88.21207716850948 487.87098614511046 446.98420291700654 
17.16241318839572 461.8799756455512 489.69921318830103 447.340110238556 53.76533792272236 208.21994636236852 104.27835073630236 215.61769076164688 144.97347768362144 498.37468540853905 
335.4445636884016 271.7472420407356 459.6294664994537 133.83194180506933 181.72186089162216 235.0327844875163 100.51117372810363 166.19122661729668 273.7966597594442 416.95655759416553 
60.79126304694847 127.55674620016593 322.32556183862727 494.33620891455695 226.1814154168718 92.25968541989236 128.02951592522544 46.037910612197464 237.21474000473103 415.6129760092466 
31.02751739121028 361.44854338873546 151.11904209456927 120.40159766937768 301.362837783567 53.90999261198741 467.7343415868209 26.811670009989843 97.67516059998765 137.3187374355268 
208.92776932650736 346.50137921549845 245.97141241206043 349.09387831161905 365.95881390186975 86.51680753917577 215.44875092175548 127.71666075496722 154.24816163843263 233.75600381084482 
293.3226146061055 278.0446742866652 140.0032775185912 315.68405386103876 85.6129788862066 482.6038551963378 428.1537127066844 58.002760993374416 95.84210718033808 442.06134166670444 
226.04943169596814 484.9775501217362 258.5966549299734 53.08239558022303 222.37513358158077 433.12513492350377 429.9075602448036 156.77454758546943 345.73383439888227 73.96485592335266 
461.4005457279315 15.921855642652297 92.35270365771107 166.5368228022187 110.17059434684295 304.21278752849804 237.36436613258547 385.3900631438902 161.3333542964742 15.664412628938631 
369.1167626222315 194.74381463910711 265.2067574888847 327.4464768297723 310.96473230969053 364.5249357169243 116.0757954399838 74.30805700960079 119.9963322052922 348.9847467118621 
224.49373346253043 117.81029071411707 477.1471866889062 373.59828026189064 160.0728075186925 18.567993000046016 408.1558491061457 200.94920461699854 266.71756170680476 44.7035479943934 
399.81334550035666 171.3033575751981 477.25389681264386 174.71604734478913 100.96006497428982 238.57425530855613 479.4070735815371 377.9687762592262 422.68306618045204 347.3834653673286 
110.08159585530146 80.9983434112379 477.166983060485 121.91912244311159 479.89638486839203 352.8483654190095 419.6515509037941 462.2956512677301 454.9280394620972 467.6309909985954 
382.94903642861334 269.11786719535934 247.6155897858695 127.51932823664096 318.9745072740529 141.9525002181482 493.7796919815301 254.37392224703896 186.74228793624997 22.41033903987143 
317.70948888021275 383.20629077756473 51.281466756652954 377.5421042878157 12.270184790623187 315.682899724209 282.92382707259304 144.25114690458756 85.98451843028548 316.8724408329316 
171.41717517159142 280.42613667940316 54.041260309448326 263.4396259084905 394.3172407191701 393.4968183340971 475.1837584318402 276.48875841613204 404.11122288445245 42.11603365102089 
361.4318635129118 497.2599354426374 423.52624351499946 431.6710386292964 212.59009739227295 288.881286188833 363.47565020000593 349.32732533246565 52.495399566252146 272.38016328999555 
103.0964268480129 309.30803329335475 468.9574831553491 230.15654039935583 196.3307924540022 504.1120744575193 284.3449675944457 35.12164781513254 194.5051003957068 282.3741124104415 
108.77034543757706 388.7050586081062 399.3592120662605 499.0694714410727 152.82695429041942 275.93329055777724 485.9793416990222 208.7672391214728 301.8311267462946 170.78305812302267 
60.0877287309216 297.6344777676558 78.52251425020451 150.01231053581014 339.14202652674436 274.8948568901673 246.17588070127516 198.67220887033554 271.69764087612253 69.44471513176126 
429.0773281905108 115.50308504388617 34.48615668009835 302.32973341554066 252.3181277496583 51.4175989317303 471.6629707550297 130.78534328492907 127.85941925659532 339.274155178786 
165.67719093960602 384.54396647716095 438.8206739762718 398.1437325604356 454.2169678615197 340.11220598636635 498.94516525616535 120.27326570633555 332.68351698994616 103.72115543845555 
289.19567985669767 273.94868361081274 306.6466136254766 198.65295075916748 98.43332428009192 80.4606665126018 383.73512020217214 77.64661547348922 320.1328113150191 248.37643790906137 
19.415309926930405 406.08641675006845 282.08724879857783 373.32041859433434 456.1102965363843 86.67578725411516 111.05549171269928 236.46725692697706 20.113688099101847 121.30001874654432 
259.3052994086497 159.94988712787722 65.75051014769593 30.78074151466247 445.0053255491084 202.3862601991468 381.23856449738616 178.22538439627925 383.41920118794616 102.72734338545496 
495.7034068713636 466.67478967002916 310.85460819202154 505.63004394435785 451.799949502017 506.75198013339894 428.32071145853826 126.55768667470362 233.3939202571456 475.01529361943955 
16.846955165700166 139.8115184304443 162.75626269131354 508.71901265881786 101.41628976169125 197.69628257615645 206.7235483839868 107.68451454838234 165.46612177707337 114.0227964445084 
256.2776461520928 138.98528187444518 42.90994513220763 370.15098825919983 68.99766361928698 165.1486087621486 239.63288269485764 226.77621855019268 188.83734985021349 441.57735407498996 
61.41421969416182 349.6622121395977 282.68103786197844 53.89478917742057 50.2300497127121 482.52356356077826 458.1313268969939 290.9156567913023 355.8892154457665 325.26115316490535 
251.98148268657417 473.9465667902351 294.95560161939636 400.7533063923659 103.82590087576193 88.11887899015169 473.9098914760803 318.40614894725724 254.26154105825225 186.45716525257865 
478.5040118576094 467.66601642940054 132.1335834596337 162.38638978309066 256.2613224144611 299.6971662711424 420.27841315820007 111.38097817245345 444.0756212346046 480.42795228188976 
114.21698644116661 127.45878367782042 17.862212410699122 323.16840044855263 13.251881625930375 505.2232442260594 266.2141264651001 34.002670395095905 208.420884053241 443.1566380537368 
215.0164597548632 428.15899469737724 256.76050816476084 468.8677947957692 254.97228512931878 400.5608449520838 356.332399504138 431.99724071778695 348.99286526911783 58.761890718912014 
461.4658146631037 35.48292256267148 321.4056619575168 51.468205936869396 402.66929710036317 500.88964889379486 355.9329807462199 250.8508067491952 200.66466117311322 88.50541948245477 
454.39453937557937 71.85150967649078 388.9964283859886 317.9076810391949 233.08706390708437 336.68536171061976 284.66978721907725 359.70269101237625 58.793928981748 217.74276165413002 
271.2702987709014 194.1411357871063 151.37816595444824 417.09428213388776 284.0183636986518 257.3130099192489 404.91173238325473 365.8014941529 311.21169876860375 420.62509272742653 
304.2943628985061 351.2367551802422 351.50878261964624 274.2639133937382 439.315002964088 105.61517696139144 391.5065674816289 310.3474403132669 243.10904497283934 13.941894236362653 
93.06549468255353 226.46870994335586 206.9643644632455 224.57773506395029 504.83489089418595 195.33432169363323 448.42943177870217 70.62638786244156 237.43202509398685 71.20110724002053 
134.6765230335384 335.3462813491012 166.72775790661382 128.81393433131853 388.0731380690212 19.790186807118406 354.692081929345 55.54796464747657 425.9149063085599 395.87581474166967 
502.2525554851935 42.458292250525325 311.27286840320454 253.09035202385283 373.61880547348096 444.94021140676443 316.9084630054313 372.03220785885713 256.52626194912455 108.7032005086677 
29.209259299211357 382.9930525128642 147.85212501176025 81.76180009458099 444.09854483222784 292.7832122440784 479.05687937285916 58.14633385893491 431.87188750933433 88.00367201044634 
320.9042640497031 24.036892794916934 72.91393403002127 447.9676488166239 131.91300137850402 202.02339352658382 491.24829913337277 225.47502080036506 239.99333808185602 14.19508254358475 
437.8739904725053 478.6426382508253 371.7214827906768 409.7624650335404 500.84122720725975 461.99368617495315 168.70513804214897 27.914810233119972 444.019936949657 110.00912087917541 
255.49323723084947 291.61644668615 301.51397169011193 171.3445252711911 48.48295414941827 153.04483169173477 479.6742416572398 276.9152749639198 120.2771887282108 336.37364185833326 
243.66381891512088 350.05326675416273 58.94558543441546 48.60390257438645 90.528161222083 391.9382840972466 386.6423065665317 254.14641448731007 135.72363834002834 300.50721017201397 
227.03348651952908 233.85848362557576 265.0573734826236 506.0440551240134 35.98779414755026 274.2380679693745 428.99163052015274 331.6541235652521 334.9829436178004 457.4786637542603 
81.26577825580466 111.82520323668543 11.681413244423446 148.08773511417337 388.7890884682253 227.27918659348526 377.12851444452144 396.77216308514255 464.7573357051717 339.31700249397096 
294.0258803153118 107.29348404845479 501.94643689664815 231.86010211417968 315.53349734812787 436.99642716220256 308.1361844540351 294.3916258634114 399.05345036109554 26.713494782965633 
370.61727739598194 304.0003203340818 384.44851534206185 280.748972491959 201.7347004422818 289.73040284173214 51.14858029380364 42.645399574754705 342.4205997371456 387.44041651149854 
193.59829326870258 137.43565932620248 25.669828077673476 218.37426229101914 279.49873514569106 376.0837163043663 126.91114812145791 449.6475290771767 380.296534963106 242.81729029026215 
153.22744898834134 319.85222265497936 188.37333339367373 111.0554232966981 148.3778417956824 37.9829960095247 60.388881790103035 458.63420330597046 15.574948563961124 88.88808974276878 
151.23079787150849 178.03366440965218 384.97039531839755 103.44804417785302 328.02408293991635 202.30904134854953 277.8017902958029 76.68526894812904 178.65370854442824 292.42953596180564 
444.15402299369254 342.0076992916986 54.2531576901678 456.7276133557428 376.28838476300837 334.78961367273837 210.1121651796498 98.16208588426095 124.49226099980203 303.4927041146845 
234.45685138279154 110.09794687202984 167.40289936251784 251.53054464706364 79.55516992295074 266.3063425574518 213.75795564145272 18.079642383301778 134.60106101559563 375.8873945921837 
437.5263477840635 31.040138400201304 404.83018251821636 298.819526069806 273.3722947913434 390.3491976500975 486.3205098452462 42.837880485846796 24.40571708635996 64.85048662721948 
150.93084444466635 287.3453785683312 159.17212466462587 110.92246882017287 480.8304363083833 305.05929667899716 299.8352180561687 446.0690619583915 117.07272668544121 377.0965950746717 
28.505153320327096 335.67543551324826 311.666494701256 422.20103991643356 263.66572963075237 376.13228757070607 97.59732091967332 185.81540319540912 83.65353635332 382.53161422948926 
16.252744683296285 459.7016093741835 499.1422846468163 214.13717280591308 466.70403199417575 427.81225074841575 301.5853642143964 195.8327302304495 366.29777058282457 359.1163589540912 
239.56974965283982 418.7511377296845 437.0104212691974 493.08264973403277 400.0344572150831 328.287610026096 57.018911878435986 88.52340778587691 296.30658330079797 132.69991114789246 
241.9404586943758 231.50208351881605 289.9081292157849 190.4991268298547 445.1946458342606 123.00766050789169 98.08671429546693 159.83355795935722 491.940988505853 192.0991225181724 
264.0232142951881 318.06934426799677 86.04505895916198 505.22288889779594 91.66961713240939 84.77065447151764 454.52627070881476 67.40658819040168 172.17009190531178 406.28269070530314 
318.9405004221324 236.03204249122393 253.81841798657655 285.12060050315324 508.1506616753874 92.89088082614565 332.5049526560793 362.3673690779732 151.93830193988484 245.2255981986291 
464.60619093900925 86.28399004306085 19.90942268202133 151.45944505621006 429.27009983844033 125.33477499106908 195.147642367738 192.31808675605154 492.0503514093815 308.8312006521697 
397.06766756223243 333.0463171984066 146.8424468735283 503.39715777378564 392.9225309167628 347.4227326798725 338.07515797025616 458.4590116192886 62.41736379302442 199.27581777334956 
290.1100505003698 278.9632972498361 304.8829946788666 302.20418909910444 195.802423125892 308.52543340971124 103.46257700479721 503.20441526623824 141.17686224137054 331.21239366334106 
185.76420596420434 260.90943824573174 268.1702281646352 125.16260312035587 345.4327465731947 114.14063074946655 302.3955752109981 26.246025473897475 114.09396295813956 161.47680172374893 
197.87983207470006 284.9678018207967 98.12412267805169 397.5430988500572 275.7285476412099 124.81825325192563 419.69811019053225 376.7230642821851 358.6707186439854 35.27268691244167 
326.56930895008605 299.9968185895344 28.436911157045046 457.64386594900185 160.0341856647066 245.6087371691477 257.92372586457157 146.99049736198876 495.53495168352947 389.26743390875174 
295.09779302186485 118.28469131208269 395.3531568103573 184.58145734159524 300.5923507741554 210.041555909417 337.8475569882447 99.43366681225501 365.9496337257893 423.61413807968233 
12.689293689168537 128.9974592009035 164.46209934926313 321.3567217985131 296.5474172548787 431.0979366597931 111.56566324726629 391.85971291497407 348.678145925533 54.62124923938554 
36.73804908830457 415.45911813019086 390.8706357571796 356.6750277692355 493.8554577566758 488.22384362665076 361.2027015934667 329.2033308608645 461.96049389930755 487.6239065958949 
256.05936487547814 180.75889101257303 313.39469969654954 388.08266222554846 99.86757532281892 144.13611721103845 51.24868991878511 459.6161803716037 107.00004559978504 105.56765018551883 
443.08298850150425 507.76298996090077 225.30141561457944 276.18791653363934 302.8728028445726 438.00705340352965 375.6898904563753 251.46658590799925 298.12979509014497 52.89748335803212 
327.2873860789651 429.3150906352236 284.15389659515256 115.06775609570862 272.5314273186334 382.5694211557926 292.36854895306874 334.3578108723282 291.7217913767987 406.552278425176 
424.69210113120755 62.24199444451266 21.45515998151475 87.41759177363944 30.898883913999466 101.76605014929007 466.40079198482675 361.98080746550613 170.9228439554027 166.19630812447167 
18.870393928397057 164.73770686079052 489.0569196294754 144.58410099970476 375.6353158183947 382.7752078487613 252.00132037904126 457.448654768114 166.4441565098057 464.2770984461554 
427.7137837180544 410.7813860361239 233.6940065239968 151.3278321293453 307.01497531288544 81.57505280176257 127.70826741336782 432.717568486469 294.9021547269107 393.0804776174922 
507.07438353034416 437.45158503353474 123.5241567696248 162.99436106838144 258.4944886444795 114.66713574709202 363.7709786727241 32.7810050045037 275.60206112105004 170.66087843219023 
237.4308777480577 311.33124366624855 461.19786950168503 358.73006941279607 356.868318178669 391.1616368347195 142.35811221060723 342.5305768828754 144.17574237833978 20.35712256306698 
212.86813380986663 478.6548853282795 306.75233793279426 338.4601351921561 442.43458054894967 489.1331609840912 371.2629655477845 209.5094346351916 17.12929195046791 119.56058426518528 
402.9303258849535 10.431671261151067 500.51807802466254 503.55397070588396 162.1134971830858 157.98888393287552 29.927265347205903 79.24094967639633 75.1259699744166 282.4850561125061 
187.30153784735603 28.48461437850529 21.246329420059595 81.43480465553559 109.10572829823683 334.54702042160807 62.87466314545153 11.397337382035623 24.72410498275223 178.89443530570404 
370.7878786274855 101.17881737626216 37.81000696729252 22.847637881339303 221.44697448661915 294.60632598255506 90.03907815880711 344.78020364071415 68.30949816440312 356.07637990951036 
171.71917336953 128.5681531410595 314.1002157132646 497.0813471472419 468.71008598209386 323.9938137328113 35.99316284905634 506.916638878616 260.10620396693224 124.80725326723795 
40.65820357604354 295.77209286979087 506.1352773723179 35.14821418714541 251.12521710606632 383.41034728984766 190.72628855493767 320.03188804886395 52.41903565625837 491.63561671955586 
108.19972375535136 60.60139554920606 347.918265022931 23.75585183828354 408.5332410115248 159.85037543553437 203.39108443897157 339.2413928005816 340.65590262962525 269.5185212955972 
80.66121349171966 356.78333248474013 258.2241050410087 233.86354038578648 287.8570941798958 143.9545915914292 77.33232583581494 271.01220585641147 398.19744235893324 276.6770149069784 
500.61178727448646 237.59411436838494 14.266354489029844 376.69739012656925 447.1702417493034 447.360861438108 379.7310159018507 360.2756724748638 252.82587791441424 139.49409376804795 
465.4550959173609 56.28849160798671 330.08857903348485 317.3052663837954 281.96114797291085 476.95107874806246 102.34159559338117 303.0304185487721 295.19489520508733 149.3606942595158 
151.6768451065572 479.4231278282131 447.5447010200008 41.06472714594949 144.83681546888616 313.8485427663717 411.06928018116616 237.8566174573226 226.71634812554146 385.58190314302027 
324.8867972137466 157.00261289876227 195.87728858753678 262.0143700420996 393.6784560830894 204.10260376298706 401.52932898030554 194.46964547910517 349.25967951755007 406.78812570877346 
426.4298848806069 229.3341106878054 402.172134670438 183.46062177054034 245.15643170597733 455.2040186922357 435.24952095185307 30.273116451417827 172.2041093854024 231.75242928636902 
316.1104847586647 34.55842681248854 39.36212115826464 371.01944812443895 330.5315061528898 247.90704478411624 166.82158249334123 366.8285660777356 363.6532227995566 77.0977746338558 
317.46835715077754 393.03236626291584 80.97296543379616 476.0842933444732 448.81375617093823 416.2907264484847 486.0768695854109 347.24075136418196 202.01630526222507 394.08458680410433 
357.064632128594 185.0695330538493 192.44772086737453 153.6684740293222 188.61999053769821 120.57426821624927 291.2561848963251 172.6648406505033 391.68007164782244 149.501322065532 
212.38010683394097 107.0033620937849 127.65675858163071 452.65270228508564 344.46533282552235 36.9083807079995 279.16318911356 341.4737334665396 392.13919533935456 26.637538762545145 
184.19847825347622 487.1185158091819 16.094247525227136 218.6747486159562 385.7438640026115 216.19616446996037 286.4350423405629 308.0806575641534 273.72331318448823 281.40123759882323 
388.74087134360406 367.70368478361013 121.28176022663172 140.23122651498775 147.29780459884188 119.9547916037037 142.33413873035443 399.99436332198985 54.95295031942975 375.8491035016824 
322.3382110663514 212.3108168574912 124.04419001008876 487.0174817245826 399.2444936691327 25.310461495178785 497.8585200767909 281.3912337120402 496.57622738867485 226.73025616712232 
387.07199117111986 78.26296709207597 35.592649594125604 336.11444420095535 20.62454387365708 503.42688445721603 178.48864777310467 29.320600164375644 425.4827580613251 450.1014752642531 
179.5838538810478 403.5348497953297 474.74363202381153 156.33783873507582 146.45444172336246 15.999047066506835 268.5326210155519 494.6167170364503 337.960638196068 354.6534095511525 
37.14893582439714 194.3373496816026 251.1230877331092 23.89746691934174 380.911252812346 342.9013886189678 373.8013005781435 53.67257413727232 286.15710050507954 136.09477260940895 
105.12711188744338 365.06907144142673 481.8488245912293 473.4709232918497 470.6464903151331 50.66126442906642 326.2394299357278 119.43830682494654 384.12269386791786 252.77322810581097 
38.05130205101103 275.75530999752186 332.95389933897627 47.87874606750685 211.62109545455132 36.13592545550802 489.1585005485599 370.3383402283644 180.46369077365176 318.6689900471593 
372.8811383710375 133.67658678856853 418.7085415535933 496.7543479997007 320.37256464366806 332.60289364546935 294.8614504658072 74.25898467768488 133.39663763013087 33.97875240233377 
117.3449133329381 375.5961934371322 412.0172791879034 289.93465880521535 36.27011164566534 346.4310709201742 197.7188142470959 131.33984514708396 490.8937478675011 185.71522076505124 
178.81259353035006 424.827910436355 17.21288243352913 154.7540765601839 335.0832046374089 501.58146579192584 355.1506798919512 34.00971284129788 23.627250655064095 91.07892929063387 
419.78653229349777 323.3423947728395 132.83787103092595 218.006665960341 326.08331454066894 406.394022160014 56.48820366385026 345.53946930881665 281.5652584283139 24.81648373939537 
364.8667953114039 173.19259125749562 286.39921126338464 33.048148174955095 174.91814809133237 122.44845470602355 205.33276207008342 29.341578487974687 346.341532111991 168.36114756324798 
400.9420273452707 83.74553616020685 255.60115887644602 300.3417691406332 242.64245643577314 408.74455162855395 24.80087157223803 20.327910282980078 430.91572044865103 443.2589597725669 
207.37645806738635 411.54017049436686 201.20572811638897 445.7088074981928 57.558694295852966 436.0290716652882 96.93697781438992 316.8444984914616 135.56031698530018 244.21531263710116 
126.10838973557614 498.0474146074767 125.43994027810517 404.6265714728536 240.9156523308324 415.80370306865626 367.59611147317474 87.03394495692545 204.85525309712582 68.05422679372052 
232.8446806270058 357.19127317075163 36.763402910683965 473.1238558555003 90.03243709766555 366.3801816220254 346.24277439261397 326.93327247770713 244.14034050704007 343.96437562200583 
499.930438592989 339.19632228241784 346.82936998553964 426.1559039043273 183.05988695317197 344.30614752834913 406.3820472284185 479.19684049825827 45.77039244724206 407.6130866229013 
148.9929217235088 200.15930674077453 248.61689861080893 272.7976315274011 108.36104760249314 403.5670477471036 346.7332992025983 121.04139381091038 445.5375206833891 27.04161560926781 
77.10259150502701 237.69935979615917 125.98135475082044 14.176451873378117 238.386717580378 307.176463784066 205.7766576083274 357.84177627888397 477.76938649898824 181.71163686582526 
103.96441202632572 212.1235184311778 424.2649861539927 94.77242363895854 362.94171408654677 106.09946388637053 232.9466355351688 414.7633951168253 23.88195658579222 417.6556315275082 
229.54657920868155 159.7513123122501 369.1287615710638 390.5460797880795 469.8820531063703 118.91029486179188 408.5169671296756 102.89923683317919 153.55961848041093 51.39016151286113 
111.57369974911728 420.3739038254043 456.41129056737964 58.310850388211925 12.552766589761003 92.16803756171892 471.115447641682 348.5863279938843 440.2553356552457 273.0834280807513 
70.45561230908392 244.28082410460854 249.59020898414508 379.8493961532105 132.67040736998462 396.2008201191968 56.82666802362612 314.90871938714446 193.34766261916812 305.42560939348493 
105.49305102238215 215.86874422266342 213.31574021838418 371.4798385168963 14.874291197996206 13.821000581267498 276.9854685157197 312.85087411722236 288.0613780756344 208.7322578179529 
160.59549490307967 430.5544078849837 81.5059521267728 395.11030521362227 334.8144289592878 310.451177929578 363.0332074464046 196.1475185905525 91.15271685528636 185.0181036745798 
210.26613750878707 389.5452690457388 106.63753258726781 300.27685024013806 126.41422795965944 133.2224253746727 386.20367544299296 258.58298913467814 375.3798885300219 324.1110024550822 
147.25366613486943 432.9789164901756 463.13556039134335 248.24209912977423 335.8401986431092 173.81357272862607 17.324705355610806 305.32521883629994 88.92399491621765 153.33217332275532 
442.03981813105565 216.02409044555085 82.16021574684173 318.9389759121414 349.73055255296885 245.13230234913513 327.6665904542298 50.836356767727175 397.19510672573193 98.85149845390072 
111.22634791081498 244.74316598654187 277.60799152308806 279.37567636616427 383.37907056598027 165.39554127735184 245.53728640458576 304.98439230336686 43.852639686195616 41.53337696176739 
176.9045181710931 328.84817087184496 183.78938228871343 498.07548276520464 290.84030759550484 314.749248348695 475.2194650534324 46.18658059345453 285.38890092509143 52.92059370384066 
22.234805877600618 476.9392744520973 264.014660411096 424.2066004958931 113.3164850280312 129.2741379792231 454.86372399428416 445.7483603503001 439.2689228302114 127.96098396818134 
349.7339269285073 256.3967137129887 466.21377232136615 312.264546032498 14.706042734079151 325.05629778709175 278.09686458737315 201.01752875626272 449.3895740987686 290.163478146869 
328.1610993312344 464.80434961438306 496.73616229407935 463.50159627795944 163.83859231597063 500.9585699842019 430.3737227900393 156.55635620814056 314.5151994723512 332.07711874074687 
471.41450602133136 112.6147787524409 156.62032325768325 173.75461495620246 111.69012765805213 452.81052045974997 195.49540045284567 142.2406063485216 245.36668910283532 169.3189522571585 
328.49407756662885 197.72321253899077 235.89327471149528 323.9050295724624 278.7671265825685 43.941978587795575 170.23664471041272 235.02700247906594 14.185386614107223 329.8332676799177 
177.35559284704337 61.69923978758517 90.85371342275566 123.9112256731179 312.8678659778677 317.3171001443907 485.6690994305078 257.0874712916926 136.86279052990673 471.647232094807 
107.37621812737358 254.63266016175788 236.81285694269943 424.1861579401123 300.5732686579305 202.98292373484566 72.53727664170745 257.09046001612114 282.12147507059575 22.094543637113155 
145.17063226488207 300.88156950881427 74.41124639868023 239.04975445753257 117.08982568316333 171.12842800602596 124.93816951770236 483.61688277545846 134.7523737561319 59.31095112013584 
426.641874475635 51.4680097388741 231.39923028655045 186.06759790838905 78.46108952688552 505.75724205913446 311.5751878403064 450.0300611074688 350.55774302745687 412.76258129312123 
344.42013102774905 430.4482962272672 443.66350020260643 432.29481528004465 17.68402727487072 26.80887844344764 257.00165527438526 108.57624651516278 229.4190421643238 143.64991650961494 
104.23763657521327 332.29255094249436 419.30170635291563 453.7757026184913 441.91118297061496 69.52089114788933 366.5383758592535 398.0740331349816 299.8033262826913 78.23735764240475 
206.30704311333997 205.13951696626657 227.69133862028954 458.10685849206186 41.68866978127627 338.90585492058113 197.94472342809337 504.2585868632858 153.04114718564858 407.49034348988147 
28.415390534142873 460.7503245758438 431.76895475191475 191.4536199356719 15.075164788522102 394.4244392863924 290.4418048405927 74.67781643151605 88.85375739685402 34.85894142786832 
426.215169306924 286.06625562550425 436.13021170559824 51.11664106705831 439.5060245765865 485.26782929916976 147.33112763143635 360.9954765076478 434.8767813596461 350.6290919032865 
83.08869511819115 193.48322988972876 356.08066501080555 452.577341032202 272.41158376853406 250.11968298661517 432.2214940316895 320.63769054010646 282.32202823302225 435.96940237291386 
236.98120840489955 237.28729287689177 123.41193671159172 255.90821088999033 487.8680542773861 416.8498616333229 380.7715223375305 96.92653085748492 337.4386835506126 352.6336173455647 
384.7431544138983 242.15268948463452 33.44727233544502 240.51572931768666 360.9539329977074 87.29930114953754 449.87468213595423 12.176439842127065 124.07988869279568 155.235925033536 
115.79103966625414 136.18596965377031 504.7950168487754 129.3909749431129 494.004479767793 470.1473351182631 324.35820076388956 251.68621019163749 386.44958751870115 72.09818716609527 
356.29130386967455 55.70675084574483 468.2683398819694 504.3747838466197 339.6013402089413 30.80981582352154 77.53683338961008 288.1413517998581 233.00001436084227 437.87532458967036 
12.59091485925006 291.78769147523633 24.573692861440115 122.4014827037284 213.90378929876218 461.3984490331602 36.356945536642804 295.6484509883189 332.46875552299514 426.4970177919937 
288.26278957643655 379.5331999470601 311.64019206698384 139.26716060551436 110.82268908560454 135.9787721336901 234.38595509557035 330.4556326830818 321.18955842386214 426.42096096977497 
312.90421776155995 190.15874350069356 401.8568108947258 72.17563988842912 22.55796114111685 306.6961857439382 246.5465707108853 411.3697614772855 507.0802691331029 21.775014051662925 
162.7202574334608 273.13919716821124 507.0034251095181 485.14717228188397 445.16450807601143 214.7966345873907 188.2650260336809 316.96341854114394 460.10582115932147 492.6724311670808 
372.9442571196274 411.0270578747134 304.3066979180251 362.331853474206 299.0814198147901 37.150290880649685 228.5967804290953 428.87148537310026 161.53377794833693 25.816621672722132 
140.29180284145136 392.9982680051758 310.8209601135537 443.35220423573213 123.95365058574363 163.59402548334023 111.91297195077992 290.80935080610976 44.9446231403428 432.4687567447189 
89.91397071760325 384.7654128721525 425.22899779220637 432.00575235046966 114.59488934043765 203.23995667827265 405.87502349626254 221.40174589573158 500.72811821354173 104.93352205871564 
235.71049815133816 472.20504333449446 26.17721645560527 454.99105412317994 350.58500996749694 348.85497771817387 494.6949838245402 315.4931215311558 232.6920223198482 204.92568108145025 
95.38284637415094 483.8779773498011 364.40387903839985 440.7772862808692 435.76475666816253 287.4977438702349 216.07287600140444 493.3177777624695 250.42872927334196 167.51166934364934 
332.2515393117076 53.57855563516172 412.1890968631937 210.31974918798966 205.78518514303033 232.80677183864185 497.7227082368033 409.7397080553774 254.22994996447 22.777774728753688 
284.632060452051 68.1304974752872 338.0493699554409 21.030515978119325 181.88859010306007 369.6655103546163 385.042657341146 16.729267290820463 220.60923142510214 283.9585217633365 
310.4577859884138 157.85460886237007 357.119291168179 83.24559081448051 47.24250046437905 45.42698865498317 465.2549081099861 381.3259293418627 125.88643912893743 225.4657436388699 
19.858076368962298 227.46499826131665 368.30738488061496 174.386975201817 98.4174370581951 413.4628335935604 385.2348900061366 498.5432034053946 452.8079776283696 277.0908220562787 
191.5442552257223 193.60794269560364 28.082683253046795 410.09998408288686 378.9942025166526 434.5085074512015 430.26934293439496 304.0039059444699 410.8210988725516 491.6099254819106 
470.1256180125948 91.83950176694027 227.64310410854236 493.8532045298113 34.8054602730432 169.10860183358832 479.12717810081955 384.5511390852206 164.39003576334886 102.10370070196916 
320.87219018563263 40.54467532764771 335.23631974534237 356.8207013378174 340.9612858983525 150.422935821452 77.09636615719144 506.6620968283533 305.6363551715539 72.5102086241478 
175.96053994542277 202.13345195470288 38.54822283407277 18.32284224949803 339.5776672131685 310.73648089947415 373.03518573784294 32.19915370295561 327.60538781914795 260.2617584578558 
241.88332736466737 362.8057641434626 173.34369145073464 243.68418593963702 94.02167009869233 447.2230782336845 249.00491062974865 68.86443912031963 452.60518250951657 353.3133478097216 
51.47311814671117 61.25938904356075 53.93890672267142 151.07426317508398 210.5062359098146 52.844682054924085 131.69634615698155 308.681367363649 346.33385113311834 115.45262260608001 
35.88497264890205 333.92215099471156 28.603938816805442 321.7285116818202 501.0123918494028 506.7253279558132 213.63153487278407 441.9083869486408 502.905910429495 173.48798189839601 
161.90259982666143 109.62155962112985 268.6388837924907 198.90415456248294 462.7860913723436 114.92084571613819 129.01685232469916 295.9975696407214 418.40743728151375 107.74375630580973 
28.076587837621226 80.06202221979791 163.63647537301605 120.00768227519198 129.05125567373148 317.21219083949666 24.143070670850133 439.5422823161462 81.25476570013501 463.24829417399 
239.4734578293517 494.0621133885708 137.33831277122238 213.53755426660058 303.10044817374717 28.382656501301497 435.3726082929941 409.6155940246894 296.4006574680788 483.082959582926 
385.2083899629548 273.21099540152176 218.51185278049317 107.81781560158976 223.56881935166732 63.39600813602263 439.0235633820188 467.48285789151174 427.3266486978001 377.5666764554676 
25.454042872956098 124.43544241651321 299.41924876740677 441.9553847878922 322.46677590177774 404.97465795008605 166.8548299093981 362.3790116581688 284.7795533407285 283.28341958397914 
255.26272836581632 430.9258157491137 190.7193577117962 41.03588596199231 429.44110114474404 209.28415016931655 488.3760715513723 485.8733009372779 114.35498719613385 234.41616988724888 
151.30825423256337 136.95131751061433 336.03802976961737 317.27961719747015 45.75396640586009 410.7620276825318 446.85073946348354 30.300831552039767 436.2999285553177 465.43372999972235 
224.54873067962578 104.30209469998385 381.96195930334216 486.711684505647 159.6138072683576 80.58647609437702 399.6300358405901 323.8227713917724 370.3011028351883 188.88325598227556 
396.8308736853036 508.4274483456713 209.85548304429417 46.857057609449015 500.7612824669103 314.8618893648068 255.35018814806975 401.8838367356628 35.54551158788576 144.87359944939726 
492.60094170394524 260.7968487165878 24.66938424800135 145.05349597659884 136.60864154359564 378.3057152710571 220.54475033463004 90.16770274063 151.98375837289024 199.79167021155308 
288.15712744375037 190.59212569217163 162.8054351331275 479.18219938890246 394.74963957751476 107.05288127302153 66.36866954693537 417.60815040377156 82.49661824663428 80.87585127030394 
290.272487297704 293.5463895001987 426.1196737749311 212.94825999756998 257.30229827612686 180.15124883182008 102.39961271018099 49.59571536515172 247.55960783832842 470.4777334826067 
123.53720657898425 258.577479261945 472.2921302228311 56.299787312122696 111.31595319649783 303.4033752833728 298.87747234555104 131.22659818299445 114.01997360450748 149.1753488221535 
191.41355060407537 213.82014105776287 93.06018212338384 158.15678580810982 56.36874127234386 111.41706990796784 331.26174965682065 458.2727056964839 307.7450426009899 170.35807869154107 
139.76623242818712 192.74408772789474 91.20728273207573 283.3278237149058 365.5011068906217 184.05924861901744 231.63147645483184 249.50867292218027 326.1702804300841 170.48555678415389 
93.52556235152237 208.25113973459474 424.7183148782028 398.324591236578 168.7755451289491 491.96442717000224 320.22172011258795 478.1137285213122 331.1701442995569 368.9300180966889 
157.16037886170253 37.977493070926286 322.1573055584884 271.7414505040104 480.0222029469315 332.3316282589819 157.28529231565025 232.07347813967303 85.19418266177979 89.14307825639399 
267.7819111695256 367.4837293191527 187.09291089438727 503.9490801092017 316.7247117163738 390.9498891684259 400.48776231974284 413.838284196826 254.25535312839335 238.84564849066834 
165.9698353448181 309.59725522621176 301.2914063028739 38.05851529860864 370.5197141984232 469.2253650531876 176.18842266275325 257.95253476280857 40.127274333003605 121.02120969431273 
503.8057209498318 17.879158903878636 106.41667421185879 169.44363260106158 471.4287566186708 145.93931550418964 374.2294325487441 141.9506467470976 421.0014022378477 209.69986168773636 
442.1190507230126 140.01916251184215 192.12105193537076 364.56741576435786 452.7100682613881 202.54878038347806 155.24988202021328 490.5228682709708 174.87473171275235 114.85275290497998 
499.59529630077094 212.91960678421339 44.680414401489614 321.43925940231037 465.1126237365916 28.048557996770242 417.0609860122204 225.78597498379486 333.0833018351461 379.17318966519434 
405.16507205108394 285.31132694426555 114.72162460586092 153.73763925143217 309.3345474227223 434.74528967782413 502.26316554860273 197.4510857888355 262.6661557393513 496.1030181005583 
271.988017818768 65.9513790579636 345.10967683216774 358.46438302860855 453.6319955737826 359.75124004334566 43.05544094922075 335.76251852311395 205.63884551090683 113.16998342657152 
56.36452642831984 235.78457503259503 460.7067206345684 332.9540127569463 79.79475597878243 298.58766540972215 31.081909383765307 407.28911728617226 310.77546700743545 287.5333354687681 
488.0530088278256 230.90777267952012 60.48440581596137 141.14348283075893 255.0987325014522 16.994537919888245 470.179642873908 218.98097749152566 479.14232179521144 391.5926127814712 
459.73980311509735 299.7580009919268 369.3657700988459 491.2148456298211 160.3656313963329 114.87541350480068 318.0370931091806 409.36212553986365 208.39612373620568 325.5960278821759 
242.8035378503282 462.6523926092967 402.19218859354373 477.05511860374946 214.90405695021957 372.2633829981594 349.04118428730476 87.31117505532214 62.754056205164765 81.39223453858007 
354.03518878403804 154.64011904478252 265.355633943052 54.43500611555551 427.87640383406966 491.27596245671543 74.98632394217991 28.589344696189947 415.5625981113107 416.8012031843233 
433.6195492404597 313.5833494829542 372.9058535021022 469.3899985696706 372.5299289771436 360.233796287879 442.83767193489825 418.10717234707107 209.53645561201006 443.5368274825969 
108.45353180755728 484.4663737174002 483.33680014816184 430.9941923900508 324.7502009984922 306.4502843606692 189.38575897807712 231.8783483637494 156.00863102283878 303.19614358587006 
506.77106645145705 148.13917586955182 170.77591440853817 223.5497668221994 330.5395681580584 472.6559121137941 471.3990441718131 286.6909141434482 48.92705725515111 305.5370230051281 
360.0640058957102 448.03350812992073 129.94472785459558 184.17130134421095 268.29293756589715 448.6035391332185 206.775432315181 247.73343629454496 201.8527945351286 431.0978480491571 
476.4329833025722 281.8468763673213 78.02846711211753 30.827045621957254 351.1373931645722 114.10744331511374 457.21350129887236 474.74546408704214 426.8593548139845 456.17054524430733 
295.7716197666879 346.7715380113245 458.4870690083276 413.10535320885106 472.12210791317136 302.6014393578001 156.06848007481705 505.71882312283236 463.00216150765505 142.21935990804025 
241.58203614573907 176.5529384303336 171.8594284054405 273.3074113557223 330.68922594243554 375.258044194196 36.327725354224725 223.75827915975876 328.92187778786376 444.04565921802447 
166.73923315367162 486.4938724163575 156.75736485253253 148.9236629400889 392.62605060863865 104.79286369470319 243.03498171055088 327.41709842713425 219.16453347160285 31.330565986559137 
